0.027309   1.27909e-01  1.27906e-01   1.000e+00   5.47276e-07  1.85380e-01       1.19509e+03   1.28893e+03   2.48401e+03      1.000000e-10  1.000000e-05        7
0.039566   1.28020e-01  1.28025e-01   1.000e+00   3.66597e-07  1.59027e-01       1.72880e+03   1.86313e+03   3.59193e+03      2.000000e-11  1.000000e-05       31
0.049628   1.28150e-01  1.28155e-01   9.999e-01   2.64194e-07  1.40549e-01       2.16357e+03   2.33106e+03   4.49464e+03      4.000000e-12  1.000000e-05       43
0.059011   1.28293e-01  1.28299e-01   9.999e-01   2.40215e-07  1.25502e-01       2.56376e+03   2.76311e+03   5.32686e+03      4.000000e-12  1.000000e-05       49
0.078934   1.28678e-01  1.28685e-01   9.999e-01   2.00131e-07  9.95338e-02       3.40062e+03   3.66680e+03   7.06742e+03      4.000000e-12  1.000000e-05       55
0.104658   1.29333e-01  1.29341e-01   9.999e-01   1.65566e-07  7.55604e-02       4.45089e+03   4.80156e+03   9.25245e+03      4.000000e-12  1.000000e-05       61
0.130501   1.30164e-01  1.30173e-01   9.999e-01   1.40346e-07  5.94885e-02       5.46762e+03   5.90071e+03   1.13683e+04      4.000000e-12  1.000000e-05       67
0.157642   1.31217e-01  1.31227e-01   9.999e-01   1.18628e-07  4.87841e-02       6.49056e+03   7.00738e+03   1.34979e+04      4.000000e-12  1.000000e-05       73
0.167714   1.31659e-01  1.31667e-01   9.997e-01   9.73759e-08  4.60402e-02       6.85772e+03   7.40474e+03   1.42625e+04      8.000000e-13  1.000000e-05       97
0.177209   1.32092e-01  1.32100e-01   9.997e-01   8.96992e-08  4.39406e-02       7.19801e+03   7.77327e+03   1.49713e+04      8.000000e-13  1.000000e-05      103
0.194633   1.32941e-01  1.32949e-01   9.997e-01   7.74150e-08  4.11490e-02       7.80711e+03   8.43326e+03   1.62404e+04      8.000000e-13  1.000000e-05      109
0.218740   1.34227e-01  1.34234e-01   9.997e-01   6.40870e-08  3.91053e-02       8.61712e+03   9.31164e+03   1.79288e+04      8.000000e-13  1.000000e-05      115
0.244362   1.35730e-01  1.35737e-01   9.997e-01   5.30704e-08  3.86563e-02       9.43707e+03   1.02017e+04   1.96388e+04      8.000000e-13  1.000000e-05      121
0.270693   1.37413e-01  1.37419e-01   9.997e-01   4.44195e-08  3.95084e-02       1.02368e+04   1.10708e+04   2.13076e+04      8.000000e-13  1.000000e-05      127
0.297887   1.39292e-01  1.39296e-01   9.997e-01   3.79618e-08  4.13569e-02       1.10185e+04   1.19215e+04   2.29400e+04      8.000000e-13  1.000000e-05      133
0.326303   1.41399e-01  1.41401e-01   9.997e-01   3.29154e-08  4.39955e-02       1.17896e+04   1.27617e+04   2.45513e+04      8.000000e-13  1.000000e-05      139
0.355314   1.43693e-01  1.43694e-01   9.997e-01   2.93093e-08  4.71691e-02       1.25310e+04   1.35709e+04   2.61018e+04      8.000000e-13  1.000000e-05      145
0.384610   1.46148e-01  1.46147e-01   9.997e-01   2.69894e-08  5.06687e-02       1.32350e+04   1.43407e+04   2.75757e+04      8.000000e-13  1.000000e-05      151
0.414891   1.48824e-01  1.48821e-01   9.997e-01   2.54312e-08  5.44477e-02       1.39181e+04   1.50889e+04   2.90070e+04      8.000000e-13  1.000000e-05      157
0.447317   1.51835e-01  1.51829e-01   9.997e-01   2.44150e-08  5.85591e-02       1.46024e+04   1.58400e+04   3.04424e+04      8.000000e-13  1.000000e-05      163
0.480879   1.55099e-01  1.55090e-01   9.997e-01   2.38363e-08  6.27921e-02       1.52627e+04   1.65664e+04   3.18291e+04      8.000000e-13  1.000000e-05      169
0.514968   1.58557e-01  1.58545e-01   9.997e-01   2.35131e-08  6.69970e-02       1.58865e+04   1.72544e+04   3.31409e+04      8.000000e-13  1.000000e-05      175
0.549862   1.62236e-01  1.62222e-01   9.997e-01   2.34995e-08  7.11526e-02       1.64792e+04   1.79099e+04   3.43892e+04      8.000000e-13  1.000000e-05      181
0.584774   1.66049e-01  1.66032e-01   9.996e-01   2.38022e-08  7.51294e-02       1.70293e+04   1.85200e+04   3.55493e+04      8.000000e-13  1.000000e-05      187
0.619812   1.69998e-01  1.69978e-01   9.996e-01   2.41427e-08  7.89152e-02       1.75406e+04   1.90887e+04   3.66294e+04      8.000000e-13  1.000000e-05      193
0.654981   1.74076e-01  1.74053e-01   9.996e-01   2.43085e-08  8.24923e-02       1.80152e+04   1.96183e+04   3.76335e+04      8.000000e-13  1.000000e-05      199
0.690578   1.78311e-01  1.78285e-01   9.996e-01   2.41509e-08  8.58757e-02       1.84583e+04   2.01146e+04   3.85729e+04      8.000000e-13  1.000000e-05      205
0.726526   1.82691e-01  1.82660e-01   9.996e-01   2.33868e-08  8.90461e-02       1.88702e+04   2.05775e+04   3.94477e+04      8.000000e-13  1.000000e-05      211
0.762543   1.87172e-01  1.87138e-01   9.996e-01   2.21959e-08  9.19707e-02       1.92486e+04   2.10047e+04   4.02533e+04      8.000000e-13  1.000000e-05      217
0.798255   1.91702e-01  1.91664e-01   9.996e-01   2.13409e-08  9.46184e-02       1.95915e+04   2.13934e+04   4.09849e+04      8.000000e-13  1.000000e-05      223
0.834331   1.96357e-01  1.96315e-01   9.996e-01   2.06811e-08  9.70404e-02       1.99069e+04   2.17528e+04   4.16598e+04      8.000000e-13  1.000000e-05      229
0.870305   2.01071e-01  2.01025e-01   9.996e-01   2.00448e-08  9.92064e-02       2.01921e+04   2.20795e+04   4.22716e+04      8.000000e-13  1.000000e-05      235
0.906486   2.05878e-01  2.05828e-01   9.996e-01   1.96905e-08  1.01136e-01       2.04504e+04   2.23773e+04   4.28277e+04      8.000000e-13  1.000000e-05      241
0.943646   2.10878e-01  2.10823e-01   9.996e-01   1.95849e-08  1.02863e-01       2.06871e+04   2.26523e+04   4.33395e+04      8.000000e-13  1.000000e-05      247
0.981693   2.16054e-01  2.15996e-01   9.996e-01   1.94988e-08  1.04370e-01       2.09010e+04   2.29028e+04   4.38038e+04      8.000000e-13  1.000000e-05      253
1.020015   2.21321e-01  2.21258e-01   9.996e-01   1.92720e-08  1.05624e-01       2.10881e+04   2.31245e+04   4.42126e+04      8.000000e-13  1.000000e-05      259
1.058549   2.26662e-01  2.26596e-01   9.996e-01   1.87631e-08  1.06627e-01       2.12489e+04   2.33175e+04   4.45665e+04      8.000000e-13  1.000000e-05      265
1.097790   2.32142e-01  2.32072e-01   9.996e-01   1.80297e-08  1.07391e-01       2.13857e+04   2.34847e+04   4.48704e+04      8.000000e-13  1.000000e-05      271
1.138121   2.37811e-01  2.37735e-01   9.996e-01   1.72627e-08  1.07917e-01       2.14991e+04   2.36268e+04   4.51258e+04      8.000000e-13  1.000000e-05      277
1.177984   2.43441e-01  2.43360e-01   9.996e-01   1.66017e-08  1.08186e-01       2.15849e+04   2.37385e+04   4.53234e+04      8.000000e-13  1.000000e-05      283
1.218086   2.49126e-01  2.49040e-01   9.996e-01   1.60547e-08  1.08215e-01       2.16459e+04   2.38232e+04   4.54691e+04      8.000000e-13  1.000000e-05      289
1.259361   2.54992e-01  2.54902e-01   9.996e-01   1.55884e-08  1.08005e-01       2.16834e+04   2.38825e+04   4.55659e+04      8.000000e-13  1.000000e-05      295
1.300951   2.60912e-01  2.60818e-01   9.996e-01   1.52078e-08  1.07559e-01       2.16961e+04   2.39148e+04   4.56109e+04      8.000000e-13  1.000000e-05      301
1.342796   2.66871e-01  2.66773e-01   9.996e-01   1.49140e-08  1.06886e-01       2.16845e+04   2.39205e+04   4.56050e+04      8.000000e-13  1.000000e-05      307
1.385549   2.72955e-01  2.72853e-01   9.996e-01   1.46684e-08  1.05981e-01       2.16486e+04   2.38997e+04   4.55483e+04      8.000000e-13  1.000000e-05      313
1.429463   2.79193e-01  2.79086e-01   9.995e-01   1.44417e-08  1.04836e-01       2.15874e+04   2.38514e+04   4.54388e+04      8.000000e-13  1.000000e-05      319
1.474319   2.85546e-01  2.85434e-01   9.995e-01   1.42519e-08  1.03457e-01       2.15005e+04   2.37752e+04   4.52757e+04      8.000000e-13  1.000000e-05      325
1.519593   2.91931e-01  2.91815e-01   9.995e-01   1.41382e-08  1.01867e-01       2.13889e+04   2.36719e+04   4.50608e+04      8.000000e-13  1.000000e-05      331
1.564445   2.98223e-01  2.98103e-01   9.995e-01   1.41017e-08  1.00111e-01       2.12557e+04   2.35444e+04   4.48002e+04      8.000000e-13  1.000000e-05      337
1.607739   3.04259e-01  3.04135e-01   9.995e-01   1.41033e-08  9.82616e-02       2.11071e+04   2.33991e+04   4.45062e+04      8.000000e-13  1.000000e-05      343
1.650747   3.10214e-01  3.10085e-01   9.995e-01   1.41109e-08  9.62891e-02       2.09408e+04   2.32340e+04   4.41747e+04      8.000000e-13  1.000000e-05      349
1.695620   3.16376e-01  3.16243e-01   9.995e-01   1.41098e-08  9.41012e-02       2.07483e+04   2.30406e+04   4.37890e+04      8.000000e-13  1.000000e-05      355
1.742481   3.22751e-01  3.22613e-01   9.995e-01   1.40890e-08  9.16910e-02       2.05278e+04   2.28170e+04   4.33448e+04      8.000000e-13  1.000000e-05      361
1.789654   3.29100e-01  3.28956e-01   9.995e-01   1.40489e-08  8.91518e-02       2.02868e+04   2.25706e+04   4.28575e+04      8.000000e-13  1.000000e-05      367
1.836584   3.35342e-01  3.35194e-01   9.995e-01   1.39926e-08  8.65293e-02       2.00292e+04   2.23056e+04   4.23348e+04      8.000000e-13  1.000000e-05      373
1.882949   3.41431e-01  3.41278e-01   9.995e-01   1.39215e-08  8.38591e-02       1.97581e+04   2.20254e+04   4.17835e+04      8.000000e-13  1.000000e-05      379
1.928829   3.47375e-01  3.47218e-01   9.995e-01   1.38434e-08  8.11536e-02       1.94748e+04   2.17312e+04   4.12059e+04      8.000000e-13  1.000000e-05      385
1.974271   3.53179e-01  3.53018e-01   9.995e-01   1.37782e-08  7.84249e-02       1.91803e+04   2.14242e+04   4.06045e+04      8.000000e-13  1.000000e-05      391
2.019968   3.58927e-01  3.58763e-01   9.995e-01   1.37554e-08  7.56441e-02       1.88711e+04   2.11010e+04   3.99720e+04      8.000000e-13  1.000000e-05      397
2.066269   3.64658e-01  3.64489e-01   9.995e-01   1.37920e-08  7.28016e-02       1.85454e+04   2.07596e+04   3.93050e+04      8.000000e-13  1.000000e-05      403
2.113285   3.70377e-01  3.70203e-01   9.995e-01   1.38694e-08  6.99014e-02       1.82030e+04   2.03998e+04   3.86028e+04      8.000000e-13  1.000000e-05      409
2.161092   3.76084e-01  3.75906e-01   9.995e-01   1.39359e-08  6.69497e-02       1.78436e+04   2.00213e+04   3.78649e+04      8.000000e-13  1.000000e-05      415
2.208262   3.81606e-01  3.81424e-01   9.995e-01   1.39597e-08  6.40459e-02       1.74789e+04   1.96366e+04   3.71155e+04      8.000000e-13  1.000000e-05      421
2.252655   3.86700e-01  3.86514e-01   9.995e-01   1.39689e-08  6.13294e-02       1.71272e+04   1.92650e+04   3.63923e+04      8.000000e-13  1.000000e-05      427
2.295096   3.91476e-01  3.91287e-01   9.995e-01   1.39857e-08  5.87542e-02       1.67841e+04   1.89020e+04   3.56861e+04      8.000000e-13  1.000000e-05      433
2.339893   3.96414e-01  3.96221e-01   9.995e-01   1.40261e-08  5.60666e-02       1.64153e+04   1.85113e+04   3.49266e+04      8.000000e-13  1.000000e-05      439
2.386330   4.01420e-01  4.01224e-01   9.995e-01   1.41124e-08  5.33207e-02       1.60264e+04   1.80990e+04   3.41255e+04      8.000000e-13  1.000000e-05      445
2.433709   4.06407e-01  4.06207e-01   9.995e-01   1.42514e-08  5.05685e-02       1.56238e+04   1.76717e+04   3.32955e+04      8.000000e-13  1.000000e-05      451
2.481981   4.11360e-01  4.11157e-01   9.995e-01   1.44228e-08  4.78226e-02       1.52082e+04   1.72303e+04   3.24385e+04      8.000000e-13  1.000000e-05      457
2.531073   4.16264e-01  4.16059e-01   9.995e-01   1.45917e-08  4.50969e-02       1.47809e+04   1.67762e+04   3.15571e+04      8.000000e-13  1.000000e-05      463
2.579638   4.20983e-01  4.20774e-01   9.995e-01   1.47251e-08  4.24723e-02       1.43543e+04   1.63226e+04   3.06770e+04      8.000000e-13  1.000000e-05      469
2.626946   4.25451e-01  4.25237e-01   9.995e-01   1.48054e-08  3.99889e-02       1.39360e+04   1.58775e+04   2.98135e+04      8.000000e-13  1.000000e-05      475
2.673734   4.29745e-01  4.29526e-01   9.995e-01   1.48320e-08  3.76078e-02       1.35200e+04   1.54349e+04   2.89550e+04      8.000000e-13  1.000000e-05      481
2.718688   4.33753e-01  4.33529e-01   9.995e-01   1.48146e-08  3.53930e-02       1.31190e+04   1.50082e+04   2.81272e+04      8.000000e-13  1.000000e-05      487
2.761172   4.37432e-01  4.37205e-01   9.995e-01   1.47733e-08  3.33676e-02       1.27393e+04   1.46040e+04   2.73433e+04      8.000000e-13  1.000000e-05      493
2.801662   4.40842e-01  4.40612e-01   9.995e-01   1.47247e-08  3.15003e-02       1.23772e+04   1.42186e+04   2.65958e+04      8.000000e-13  1.000000e-05      499
2.840825   4.44050e-01  4.43818e-01   9.995e-01   1.46756e-08  2.97537e-02       1.20271e+04   1.38460e+04   2.58731e+04      8.000000e-13  1.000000e-05      505
2.879147   4.47104e-01  4.46869e-01   9.995e-01   1.46229e-08  2.81019e-02       1.16850e+04   1.34820e+04   2.51670e+04      8.000000e-13  1.000000e-05      511
2.917080   4.50044e-01  4.49805e-01   9.995e-01   1.45610e-08  2.65231e-02       1.13471e+04   1.31225e+04   2.44696e+04      8.000000e-13  1.000000e-05      517
2.954148   4.52837e-01  4.52595e-01   9.995e-01   1.44883e-08  2.50349e-02       1.10178e+04   1.27723e+04   2.37902e+04      8.000000e-13  1.000000e-05      523
2.990801   4.55522e-01  4.55277e-01   9.995e-01   1.44107e-08  2.36164e-02       1.06935e+04   1.24275e+04   2.31210e+04      8.000000e-13  1.000000e-05      529
3.026787   4.58083e-01  4.57835e-01   9.995e-01   1.43392e-08  2.22751e-02       1.03766e+04   1.20907e+04   2.24672e+04      8.000000e-13  1.000000e-05      535
3.062318   4.60541e-01  4.60290e-01   9.995e-01   1.42846e-08  2.10007e-02       1.00653e+04   1.17600e+04   2.18253e+04      8.000000e-13  1.000000e-05      541
3.096754   4.62854e-01  4.62601e-01   9.995e-01   1.42515e-08  1.98124e-02       9.76542e+03   1.14415e+04   2.12069e+04      8.000000e-13  1.000000e-05      547
3.130119   4.65033e-01  4.64777e-01   9.995e-01   1.42373e-08  1.87048e-02       9.47669e+03   1.11350e+04   2.06117e+04      8.000000e-13  1.000000e-05      553
3.163000   4.67119e-01  4.66862e-01   9.995e-01   1.42337e-08  1.76549e-02       9.19406e+03   1.08352e+04   2.00293e+04      8.000000e-13  1.000000e-05      559
3.194717   4.69075e-01  4.68816e-01   9.995e-01   1.42289e-08  1.66810e-02       8.92336e+03   1.05482e+04   1.94716e+04      8.000000e-13  1.000000e-05      565
3.224238   4.70846e-01  4.70586e-01   9.995e-01   1.42192e-08  1.58081e-02       8.67322e+03   1.02831e+04   1.89563e+04      8.000000e-13  1.000000e-05      571
3.249514   4.72325e-01  4.72063e-01   9.995e-01   1.41940e-08  1.50863e-02       8.46049e+03   1.00578e+04   1.85183e+04      8.000000e-13  1.000000e-05      583
3.273929   4.73718e-01  4.73457e-01   9.995e-01   1.54287e-08  1.44089e-02       8.25591e+03   9.84117e+03   1.80971e+04      8.000000e-12  1.000000e-05      589
3.296351   4.74972e-01  4.74710e-01   9.995e-01   1.57083e-08  1.38078e-02       8.06964e+03   9.64409e+03   1.77137e+04      8.000000e-12  1.000000e-05      595
3.334314   4.77033e-01  4.76770e-01   9.995e-01   1.61797e-08  1.28307e-02       7.75704e+03   9.31358e+03   1.70706e+04      8.000000e-12  1.000000e-05      601
3.388954   4.79868e-01  4.79602e-01   9.995e-01   1.68484e-08  1.15119e-02       7.31349e+03   8.84514e+03   1.61586e+04      8.000000e-12  1.000000e-05      607
3.449553   4.82831e-01  4.82562e-01   9.995e-01   1.75729e-08  1.01661e-02       6.83091e+03   8.33627e+03   1.51672e+04      8.000000e-12  1.000000e-05      613
3.508538   4.85537e-01  4.85266e-01   9.995e-01   1.82606e-08  8.96920e-03       6.37125e+03   7.85240e+03   1.42237e+04      8.000000e-12  1.000000e-05      619
3.566336   4.88022e-01  4.87750e-01   9.995e-01   1.89219e-08  7.89953e-03       5.93097e+03   7.38982e+03   1.33208e+04      8.000000e-12  1.000000e-05      625
3.623653   4.90328e-01  4.90053e-01   9.995e-01   1.95714e-08  6.93454e-03       5.50476e+03   6.94290e+03   1.24477e+04      8.000000e-12  1.000000e-05      631
3.681522   4.92498e-01  4.92223e-01   9.995e-01   2.02265e-08  6.05179e-03       5.08536e+03   6.50409e+03   1.15894e+04      8.000000e-12  1.000000e-05      637
3.725785   4.94051e-01  4.93780e-01   9.995e-01   2.33518e-08  5.43738e-03       4.77210e+03   6.17721e+03   1.09493e+04      8.000000e-11  1.000000e-05      649
3.767821   4.95449e-01  4.95177e-01   9.995e-01   2.47703e-08  4.89630e-03       4.48116e+03   5.87398e+03   1.03551e+04      8.000000e-11  1.000000e-05      655
3.858002   4.98190e-01  4.97916e-01   9.995e-01   2.79891e-08  3.87342e-03       3.87812e+03   5.24742e+03   9.12553e+03      8.000000e-11  1.000000e-05      661
3.953636   5.00728e-01  5.00454e-01   9.995e-01   3.15693e-08  2.97528e-03       3.27100e+03   4.61968e+03   7.89068e+03      8.000000e-11  1.000000e-05      667
3.981879   5.01406e-01  5.01135e-01   9.995e-01   2.85778e-08  2.74363e-03       3.09820e+03   4.44165e+03   7.53985e+03      1.600000e-11  1.000000e-05      685
3.987041   5.01527e-01  5.01256e-01   9.995e-01   4.13401e-08  2.70279e-03       3.06694e+03   4.40949e+03   7.47643e+03      3.200000e-09  1.000000e-05      697
3.992204   5.01647e-01  5.01376e-01   9.995e-01   3.65626e-08  2.66242e-03       3.03579e+03   4.37744e+03   7.41323e+03      6.400000e-10  1.000000e-05      703
4.003980   5.01916e-01  5.01646e-01   9.995e-01   3.75718e-08  2.57206e-03       2.96511e+03   4.30475e+03   7.26986e+03      6.400000e-10  1.000000e-05      709
4.078019   5.03494e-01  5.03224e-01   9.995e-01   4.42585e-08  2.05697e-03       2.53281e+03   3.86142e+03   6.39423e+03      6.400000e-10  1.000000e-05      715
4.133468   5.04536e-01  5.04281e-01   9.995e-01   4.14082e-08  1.72819e-03       2.22416e+03   3.54627e+03   5.77043e+03      1.280000e-10  1.000000e-05      733
4.165871   5.05093e-01  5.04852e-01   9.995e-01   3.60191e-08  1.55531e-03       2.04836e+03   3.36738e+03   5.41574e+03      2.560000e-11  1.000000e-05      751
4.181492   5.05352e-01  5.05112e-01   9.995e-01   3.04494e-08  1.47714e-03       1.96502e+03   3.28274e+03   5.24777e+03      5.120000e-12  1.000000e-05      769
4.195580   5.05579e-01  5.05339e-01   9.995e-01   3.77159e-08  1.40923e-03       1.89058e+03   3.20728e+03   5.09786e+03      5.120000e-11  1.000000e-05      775
4.210612   5.05814e-01  5.05574e-01   9.995e-01   3.27074e-08  1.33944e-03       1.81213e+03   3.12778e+03   4.93990e+03      1.024000e-11  1.000000e-05      781
4.227222   5.06065e-01  5.05826e-01   9.995e-01   3.97697e-08  1.26552e-03       1.72638e+03   3.04102e+03   4.76740e+03      1.024000e-10  1.000000e-05      787
4.245650   5.06333e-01  5.06095e-01   9.995e-01   3.53250e-08  1.18734e-03       1.63259e+03   2.94623e+03   4.57882e+03      2.048000e-11  1.000000e-05      793
4.254952   5.06465e-01  5.06227e-01   9.995e-01   3.02442e-08  1.14946e-03       1.58586e+03   2.89906e+03   4.48492e+03      4.096000e-12  1.000000e-05      817
4.263723   5.06586e-01  5.06348e-01   9.995e-01   3.69085e-08  1.11460e-03       1.54201e+03   2.85484e+03   4.39684e+03      4.096000e-11  1.000000e-05      823
4.273824   5.06723e-01  5.06485e-01   9.995e-01   3.22312e-08  1.07551e-03       1.49190e+03   2.80433e+03   4.29623e+03      8.192000e-12  1.000000e-05      829
4.285803   5.06881e-01  5.06644e-01   9.995e-01   3.86300e-08  1.03057e-03       1.43295e+03   2.74498e+03   4.17793e+03      8.192000e-11  1.000000e-05      835
4.299732   5.07060e-01  5.06823e-01   9.995e-01   3.44546e-08  9.80247e-04       1.36513e+03   2.67677e+03   4.04190e+03      1.638400e-11  1.000000e-05      841
4.303152   5.07102e-01  5.06866e-01   9.995e-01   4.16626e-08  9.68207e-04       1.34860e+03   2.66016e+03   4.00877e+03      3.276800e-10  1.000000e-05      853
4.306573   5.07145e-01  5.06908e-01   9.995e-01   4.18894e-08  9.56289e-04       1.33212e+03   2.64361e+03   3.97573e+03      3.276800e-10  1.000000e-05      859
4.327054   5.07393e-01  5.07156e-01   9.995e-01   4.32468e-08  8.87411e-04       1.23438e+03   2.54552e+03   3.77990e+03      3.276800e-10  1.000000e-05      865
4.398832   5.08164e-01  5.07929e-01   9.995e-01   4.79514e-08  6.77595e-04       9.04605e+02   2.21606e+03   3.12067e+03      3.276800e-10  1.000000e-05      871
4.446025   5.08587e-01  5.08360e-01   9.995e-01   4.36452e-08  5.63738e-04       6.98108e+02   2.01126e+03   2.70937e+03      6.553600e-11  1.000000e-05      889
4.468168   5.08765e-01  5.08542e-01   9.995e-01   3.71262e-08  5.16289e-04       6.03976e+02   1.91816e+03   2.52214e+03      1.310720e-11  1.000000e-05      907
4.488710   5.08919e-01  5.08698e-01   9.996e-01   4.53457e-08  4.75500e-04       5.18538e+02   1.83401e+03   2.35255e+03      1.310720e-10  1.000000e-05      913
4.510591   5.09073e-01  5.08853e-01   9.996e-01   3.99237e-08  4.35303e-04       4.29263e+02   1.74616e+03   2.17542e+03      2.621440e-11  1.000000e-05      919
4.525071   5.09165e-01  5.08950e-01   9.995e-01   3.35722e-08  4.10495e-04       3.71298e+02   1.68924e+03   2.06054e+03      5.242880e-12  1.000000e-05      937
4.538687   5.09249e-01  5.09035e-01   9.995e-01   4.11425e-08  3.88422e-04       3.17471e+02   1.63657e+03   1.95404e+03      5.242880e-11  1.000000e-05      943
4.553111   5.09333e-01  5.09121e-01   9.995e-01   3.56599e-08  3.66229e-04       2.61242e+02   1.58155e+03   1.84280e+03      1.048576e-11  1.000000e-05      949
4.556215   5.09351e-01  5.09138e-01   9.995e-01   4.52207e-07  3.61654e-04       2.49297e+02   1.56989e+03   1.81919e+03      2.097152e-06  1.000000e-05      961
4.559319   5.09368e-01  5.09156e-01   9.995e-01   2.26346e-07  3.57117e-04       2.37371e+02   1.55825e+03   1.79562e+03      4.194304e-07  1.000000e-05      967
4.569529   5.09424e-01  5.09212e-01   9.995e-01   1.21327e-07  3.42549e-04       1.98368e+02   1.52019e+03   1.71855e+03      8.388608e-08  1.000000e-05      973
4.593999   5.09548e-01  5.09337e-01   9.995e-01   7.77595e-08  3.09990e-04       1.06451e+02   1.43071e+03   1.53716e+03      1.677722e-08  1.000000e-05      979
4.642269   5.09753e-01  5.09542e-01   9.995e-01   6.54004e-08  2.54977e-04      -6.83747e+01   1.26142e+03   1.19305e+03      3.355443e-09  1.000000e-05      985
4.708643   5.09967e-01  5.09731e-01   9.995e-01   6.00086e-08  1.97129e-04      -2.94257e+02   1.04463e+03   7.50376e+02      6.710886e-10  1.000000e-05      991
4.760927   5.10061e-01  5.09824e-01   9.996e-01   5.33506e-08  1.63736e-04      -4.62399e+02   8.85071e+02   4.22671e+02      1.342177e-10  1.000000e-05     1003
4.789456   5.10083e-01  5.09858e-01   9.996e-01   4.53413e-08  1.49306e-04      -5.50588e+02   8.01936e+02   2.51348e+02      2.684355e-11  1.000000e-05     1021
4.803927   5.10084e-01  5.09872e-01   9.995e-01   3.78168e-08  1.43002e-04      -5.93776e+02   7.61375e+02   1.67600e+02      5.368709e-12  1.000000e-05     1039
4.817482   5.10086e-01  5.09879e-01   9.995e-01   4.67973e-08  1.37655e-04      -6.33481e+02   7.24231e+02   9.07507e+01      5.368709e-11  1.000000e-05     1045
4.831689   5.10086e-01  5.09883e-01   9.995e-01   4.03167e-08  1.32591e-04      -6.74424e+02   6.86002e+02   1.15775e+01      1.073742e-11  1.000000e-05     1051
4.834743   5.10086e-01  5.09883e-01   9.995e-01   7.77850e-08  1.31577e-04      -6.83116e+02   6.77900e+02  -5.21560e+00      2.147484e-08  1.000000e-05     1063
4.837797   5.10086e-01  5.09883e-01   9.995e-01   6.16878e-08  1.30587e-04      -6.91776e+02   6.69833e+02  -2.19427e+01      4.294967e-09  1.000000e-05     1069
4.846199   5.10085e-01  5.09882e-01   9.995e-01   5.54520e-08  1.27985e-04      -7.15438e+02   6.47822e+02  -6.76154e+01      8.589935e-10  1.000000e-05     1075
4.863574   5.10078e-01  5.09876e-01   9.995e-01   5.68468e-08  1.23157e-04      -7.63602e+02   6.03145e+02  -1.60457e+02      8.589935e-10  1.000000e-05     1081
4.946892   5.09980e-01  5.09780e-01   9.995e-01   6.34785e-08  1.09041e-04      -9.80424e+02   4.04408e+02  -5.76017e+02      8.589935e-10  1.000000e-05     1087
5.002565   5.09859e-01  5.09655e-01   9.995e-01   5.83800e-08  1.06546e-04      -1.11335e+03   2.84883e+02  -8.28468e+02      1.717987e-10  1.000000e-05     1105
5.034656   5.09762e-01  5.09570e-01   9.995e-01   5.09216e-08  1.06791e-04      -1.18514e+03   2.21252e+02  -9.63887e+02      3.435974e-11  1.000000e-05     1123
5.051908   5.09700e-01  5.09521e-01   9.995e-01   4.29860e-08  1.07405e-04      -1.22208e+03   1.88762e+02  -1.03331e+03      6.871948e-12  1.000000e-05     1141
5.055133   5.09690e-01  5.09511e-01   9.995e-01   6.14587e-08  1.07561e-04      -1.22891e+03   1.82765e+02  -1.04614e+03      1.374390e-09  1.000000e-05     1153
5.058359   5.09679e-01  5.09500e-01   9.995e-01   6.17533e-08  1.07727e-04      -1.23570e+03   1.76805e+02  -1.05890e+03      1.374390e-09  1.000000e-05     1159
5.088926   5.09572e-01  5.09394e-01   9.995e-01   6.45381e-08  1.09782e-04      -1.29849e+03   1.22083e+02  -1.17640e+03      1.374390e-09  1.000000e-05     1165
5.208357   5.09055e-01  5.08879e-01   9.995e-01   7.50426e-08  1.23712e-04      -1.51649e+03  -6.22706e+01  -1.57876e+03      1.374390e-09  1.000000e-05     1177
5.267902   5.08751e-01  5.08567e-01   9.995e-01   6.88692e-08  1.32893e-04      -1.61021e+03  -1.38078e+02  -1.74829e+03      2.748779e-10  1.000000e-05     1195
5.301644   5.08562e-01  5.08379e-01   9.995e-01   6.01216e-08  1.38018e-04      -1.65836e+03  -1.75727e+02  -1.83409e+03      5.497558e-11  1.000000e-05     1213
5.319223   5.08459e-01  5.08279e-01   9.995e-01   5.02779e-08  1.40597e-04      -1.68199e+03  -1.93819e+02  -1.87581e+03      1.099512e-11  1.000000e-05     1231
5.329106   5.08399e-01  5.08222e-01   9.995e-01   4.14395e-08  1.42058e-04      -1.69490e+03  -2.03602e+02  -1.89850e+03      2.199023e-12  1.000000e-05     1249
5.338480   5.08342e-01  5.08167e-01   9.995e-01   5.17677e-08  1.43440e-04      -1.70703e+03  -2.12789e+02  -1.91982e+03      2.199023e-11  1.000000e-05     1255
5.348018   5.08284e-01  5.08110e-01   9.995e-01   4.35801e-08  1.44863e-04      -1.71912e+03  -2.21836e+02  -1.94095e+03      4.398047e-12  1.000000e-05     1261
5.350060   5.08272e-01  5.08098e-01   9.995e-01   5.58402e-08  1.45169e-04      -1.72169e+03  -2.23757e+02  -1.94545e+03      8.796093e-11  1.000000e-05     1273
5.352103   5.08259e-01  5.08085e-01   9.995e-01   4.96466e-08  1.45475e-04      -1.72425e+03  -2.25666e+02  -1.94992e+03      1.759219e-11  1.000000e-05     1279
5.355746   5.08237e-01  5.08063e-01   9.995e-01   4.22831e-08  1.46019e-04      -1.72879e+03  -2.29039e+02  -1.95783e+03      3.518437e-12  1.000000e-05     1285
5.356514   5.08232e-01  5.08058e-01   9.995e-01   5.43995e-08  1.46134e-04      -1.72975e+03  -2.29746e+02  -1.95949e+03      7.036874e-11  1.000000e-05     1303
5.357282   5.08228e-01  5.08054e-01   9.995e-01   4.82411e-08  1.46248e-04      -1.73070e+03  -2.30451e+02  -1.96115e+03      1.407375e-11  1.000000e-05     1309
5.358910   5.08218e-01  5.08044e-01   9.995e-01   4.12060e-08  1.46490e-04      -1.73271e+03  -2.31940e+02  -1.96465e+03      2.814750e-12  1.000000e-05     1315
5.361423   5.08202e-01  5.08028e-01   9.995e-01   3.53937e-08  1.46863e-04      -1.73580e+03  -2.34225e+02  -1.97002e+03      5.629500e-13  1.000000e-05     1321
5.364064   5.08186e-01  5.08012e-01   9.995e-01   4.35058e-08  1.47252e-04      -1.73903e+03  -2.36603e+02  -1.97563e+03      5.629500e-12  1.000000e-05     1327
5.367208   5.08167e-01  5.07993e-01   9.995e-01   3.71396e-08  1.47715e-04      -1.74284e+03  -2.39407e+02  -1.98225e+03      1.125900e-12  1.000000e-05     1333
5.371208   5.08143e-01  5.07968e-01   9.995e-01   3.27636e-08  1.48293e-04      -1.74767e+03  -2.42955e+02  -1.99063e+03      2.251800e-13  1.000000e-05     1339
5.375125   5.08119e-01  5.07943e-01   9.995e-01   3.86439e-08  1.48855e-04      -1.75231e+03  -2.46332e+02  -1.99864e+03      2.251800e-12  1.000000e-05     1345
5.379213   5.08093e-01  5.07917e-01   9.995e-01   3.36452e-08  1.49447e-04      -1.75715e+03  -2.49856e+02  -2.00701e+03      4.503600e-13  1.000000e-05     1351
5.383355   5.08067e-01  5.07891e-01   9.995e-01   4.01592e-08  1.50042e-04      -1.76198e+03  -2.53355e+02  -2.01534e+03      4.503600e-12  1.000000e-05     1357
5.387853   5.08039e-01  5.07863e-01   9.995e-01   3.48246e-08  1.50688e-04      -1.76720e+03  -2.57115e+02  -2.02432e+03      9.007199e-13  1.000000e-05     1363
5.393029   5.08007e-01  5.07830e-01   9.995e-01   4.15692e-08  1.51427e-04      -1.77315e+03  -2.61381e+02  -2.03453e+03      9.007199e-12  1.000000e-05     1369
5.398725   5.07971e-01  5.07793e-01   9.995e-01   3.61561e-08  1.52234e-04      -1.77960e+03  -2.65982e+02  -2.04558e+03      1.801440e-12  1.000000e-05     1375
5.405530   5.07928e-01  5.07750e-01   9.995e-01   3.17100e-08  1.53183e-04      -1.78727e+03  -2.71429e+02  -2.05870e+03      3.602880e-13  1.000000e-05     1381
5.411825   5.07887e-01  5.07709e-01   9.995e-01   3.68275e-08  1.54047e-04      -1.79408e+03  -2.76204e+02  -2.07028e+03      3.602880e-12  1.000000e-05     1387
5.418076   5.07847e-01  5.07668e-01   9.995e-01   3.23605e-08  1.54901e-04      -1.80086e+03  -2.80942e+02  -2.08180e+03      7.205759e-13  1.000000e-05     1393
5.424605   5.07805e-01  5.07625e-01   9.995e-01   3.75999e-08  1.55787e-04      -1.80781e+03  -2.85759e+02  -2.09357e+03      7.205759e-12  1.000000e-05     1399
5.431460   5.07760e-01  5.07580e-01   9.995e-01   3.32011e-08  1.56700e-04      -1.81501e+03  -2.90696e+02  -2.10571e+03      1.441152e-12  1.000000e-05     1405
5.439207   5.07709e-01  5.07529e-01   9.995e-01   3.26883e-08  1.57727e-04      -1.82303e+03  -2.96151e+02  -2.11918e+03      1.441152e-12  1.000000e-05     1411
5.450573   5.07633e-01  5.07454e-01   9.995e-01   3.19693e-08  1.59206e-04      -1.83452e+03  -3.03868e+02  -2.13839e+03      1.441152e-12  1.000000e-05     1417
5.464922   5.07537e-01  5.07357e-01   9.995e-01   3.11247e-08  1.61021e-04      -1.84856e+03  -3.13129e+02  -2.16169e+03      1.441152e-12  1.000000e-05     1423
5.482240   5.07419e-01  5.07240e-01   9.995e-01   3.02060e-08  1.63127e-04      -1.86483e+03  -3.23595e+02  -2.18842e+03      1.441152e-12  1.000000e-05     1429
5.503493   5.07274e-01  5.07093e-01   9.995e-01   2.92238e-08  1.65574e-04      -1.88379e+03  -3.35394e+02  -2.21918e+03      1.441152e-12  1.000000e-05     1435
5.527636   5.07106e-01  5.06924e-01   9.995e-01   2.82822e-08  1.68148e-04      -1.90398e+03  -3.47391e+02  -2.25137e+03      1.441152e-12  1.000000e-05     1441
5.552701   5.06929e-01  5.06747e-01   9.995e-01   2.74618e-08  1.70578e-04      -1.92346e+03  -3.58312e+02  -2.28177e+03      1.441152e-12  1.000000e-05     1447
5.577365   5.06753e-01  5.06570e-01   9.995e-01   2.67696e-08  1.72720e-04      -1.94122e+03  -3.67591e+02  -2.30881e+03      1.441152e-12  1.000000e-05     1453
5.602522   5.06571e-01  5.06387e-01   9.995e-01   2.61451e-08  1.74644e-04      -1.95792e+03  -3.75587e+02  -2.33351e+03      1.441152e-12  1.000000e-05     1459
5.628074   5.06384e-01  5.06200e-01   9.995e-01   2.55671e-08  1.76327e-04      -1.97345e+03  -3.82236e+02  -2.35569e+03      1.441152e-12  1.000000e-05     1465
5.654107   5.06192e-01  5.06008e-01   9.995e-01   2.50143e-08  1.77756e-04      -1.98784e+03  -3.87528e+02  -2.37537e+03      1.441152e-12  1.000000e-05     1471
5.680746   5.05993e-01  5.05810e-01   9.995e-01   2.44733e-08  1.78917e-04      -2.00109e+03  -3.91431e+02  -2.39252e+03      1.441152e-12  1.000000e-05     1477
5.708061   5.05788e-01  5.05606e-01   9.995e-01   2.39406e-08  1.79792e-04      -2.01317e+03  -3.93881e+02  -2.40705e+03      1.441152e-12  1.000000e-05     1483
5.736292   5.05575e-01  5.05394e-01   9.995e-01   2.34121e-08  1.80357e-04      -2.02409e+03  -3.94810e+02  -2.41890e+03      1.441152e-12  1.000000e-05     1489
5.760656   5.05391e-01  5.05210e-01   9.995e-01   2.29740e-08  1.80584e-04      -2.03229e+03  -3.94360e+02  -2.42665e+03      1.441152e-12  1.000000e-05     1501
5.783527   5.05218e-01  5.05036e-01   9.995e-01   2.25922e-08  1.80567e-04      -2.03895e+03  -3.92880e+02  -2.43183e+03      1.441152e-12  1.000000e-05     1507
5.808115   5.05031e-01  5.04850e-01   9.995e-01   2.21994e-08  1.80304e-04      -2.04501e+03  -3.90174e+02  -2.43519e+03      1.441152e-12  1.000000e-05     1513
5.834383   5.04831e-01  5.04650e-01   9.995e-01   2.18105e-08  1.79750e-04      -2.05027e+03  -3.86049e+02  -2.43632e+03      1.441152e-12  1.000000e-05     1519
5.835418   5.04823e-01  5.04642e-01   9.995e-01   3.18501e-08  1.79723e-04      -2.05045e+03  -3.85862e+02  -2.43631e+03      2.882304e-08  1.000000e-05     1537
5.836453   5.04815e-01  5.04634e-01   9.995e-01   2.72062e-08  1.79695e-04      -2.05063e+03  -3.85673e+02  -2.43630e+03      5.764608e-09  1.000000e-05     1543
5.840548   5.04784e-01  5.04603e-01   9.995e-01   2.73643e-08  1.79581e-04      -2.05132e+03  -3.84905e+02  -2.43623e+03      5.764608e-09  1.000000e-05     1549
5.881495   5.04473e-01  5.04292e-01   9.995e-01   2.90188e-08  1.78083e-04      -2.05664e+03  -3.75601e+02  -2.43224e+03      5.764608e-09  1.000000e-05     1555
6.035750   5.03317e-01  5.03131e-01   9.995e-01   3.56474e-08  1.67157e-04      -2.05199e+03  -3.16081e+02  -2.36807e+03      5.764608e-09  1.000000e-05     1567
6.117353   5.02721e-01  5.02533e-01   9.995e-01   3.24792e-08  1.58515e-04      -2.03499e+03  -2.70357e+02  -2.30535e+03      1.152922e-09  1.000000e-05     1585
6.196222   5.02165e-01  5.01973e-01   9.995e-01   3.39125e-08  1.48939e-04      -2.01074e+03  -2.18837e+02  -2.22958e+03      1.152922e-09  1.000000e-05     1591
6.324999   5.01302e-01  5.01103e-01   9.995e-01   3.62349e-08  1.31554e-04      -1.95605e+03  -1.20740e+02  -2.07679e+03      1.152922e-09  1.000000e-05     1597
6.454636   5.00502e-01  5.00294e-01   9.995e-01   3.84290e-08  1.13203e-04      -1.88511e+03  -7.86338e+00  -1.89297e+03      1.152922e-09  1.000000e-05     1603
6.583968   4.99785e-01  4.99565e-01   9.995e-01   4.04023e-08  9.54441e-05      -1.80179e+03   1.15186e+02  -1.68661e+03      1.152922e-09  1.000000e-05     1609
6.718931   4.99130e-01  4.98896e-01   9.995e-01   4.21984e-08  7.87008e-05      -1.70485e+03   2.51025e+02  -1.45383e+03      1.152922e-09  1.000000e-05     1615
6.861966   4.98547e-01  4.98296e-01   9.995e-01   4.38000e-08  6.39151e-05      -1.59457e+03   3.99410e+02  -1.19516e+03      1.152922e-09  1.000000e-05     1621
7.009535   4.98070e-01  4.97797e-01   9.995e-01   4.51333e-08  5.24519e-05      -1.47631e+03   5.53370e+02  -9.22936e+02      1.152922e-09  1.000000e-05     1627
7.152057   4.97730e-01  4.97433e-01   9.995e-01   4.61179e-08  4.51791e-05      -1.36099e+03   6.99550e+02  -6.61436e+02      1.152922e-09  1.000000e-05     1633
7.284400   4.97518e-01  4.97197e-01   9.995e-01   4.67700e-08  4.15780e-05      -1.25534e+03   8.30607e+02  -4.24734e+02      1.152922e-09  1.000000e-05     1639
7.413102   4.97405e-01  4.97058e-01   9.995e-01   4.71913e-08  4.06218e-05      -1.15577e+03   9.51891e+02  -2.03882e+02      1.152922e-09  1.000000e-05     1645
7.545418   4.97380e-01  4.97004e-01   9.995e-01   4.74302e-08  4.17550e-05      -1.05823e+03   1.06873e+03   1.04937e+01      1.152922e-09  1.000000e-05     1651
7.680049   4.97444e-01  4.97035e-01   9.995e-01   4.74873e-08  4.45127e-05      -9.65364e+02   1.17816e+03   2.12800e+02      1.152922e-09  1.000000e-05     1657
7.813221   4.97588e-01  4.97145e-01   9.995e-01   4.73763e-08  4.82180e-05      -8.80926e+02   1.27608e+03   3.95157e+02      1.152922e-09  1.000000e-05     1663
7.945214   4.97803e-01  4.97324e-01   9.995e-01   4.71234e-08  5.22783e-05      -8.05343e+02   1.36233e+03   5.56989e+02      1.152922e-09  1.000000e-05     1669
8.078643   4.98085e-01  4.97567e-01   9.995e-01   4.67456e-08  5.62642e-05      -7.37733e+02   1.43818e+03   7.00449e+02      1.152922e-09  1.000000e-05     1675
8.214516   4.98430e-01  4.97871e-01   9.995e-01   4.62544e-08  5.97625e-05      -6.78356e+02   1.50354e+03   8.25183e+02      1.152922e-09  1.000000e-05     1681
8.351943   4.98828e-01  4.98226e-01   9.995e-01   4.56663e-08  6.23823e-05      -6.28207e+02   1.55750e+03   9.29297e+02      1.152922e-09  1.000000e-05     1687
8.490307   4.99271e-01  4.98623e-01   9.995e-01   4.49992e-08  6.38557e-05      -5.87765e+02   1.59978e+03   1.01201e+03      1.152922e-09  1.000000e-05     1693
8.630184   4.99751e-01  4.99056e-01   9.995e-01   4.42656e-08  6.40419e-05      -5.56926e+02   1.63070e+03   1.07377e+03      1.152922e-09  1.000000e-05     1699
8.772416   5.00262e-01  4.99518e-01   9.995e-01   4.34751e-08  6.28809e-05      -5.35541e+02   1.65061e+03   1.11507e+03      1.152922e-09  1.000000e-05     1705
8.917076   5.00796e-01  5.00002e-01   9.995e-01   4.26398e-08  6.03978e-05      -5.23553e+02   1.65980e+03   1.13625e+03      1.152922e-09  1.000000e-05     1711
9.063538   5.01342e-01  5.00497e-01   9.995e-01   4.17760e-08  5.67253e-05      -5.20737e+02   1.65874e+03   1.13800e+03      1.152922e-09  1.000000e-05     1717
9.211207   5.01889e-01  5.00993e-01   9.995e-01   4.08995e-08  5.20853e-05      -5.26553e+02   1.64824e+03   1.12168e+03      1.152922e-09  1.000000e-05     1723
9.359774   5.02427e-01  5.01480e-01   9.995e-01   4.00242e-08  4.67461e-05      -5.40236e+02   1.62933e+03   1.08909e+03      1.152922e-09  1.000000e-05     1729
9.508651   5.02948e-01  5.01951e-01   9.995e-01   3.91644e-08  4.10084e-05      -5.60828e+02   1.60325e+03   1.04242e+03      1.152922e-09  1.000000e-05     1735
9.656513   5.03441e-01  5.02395e-01   9.995e-01   3.83370e-08  3.51962e-05      -5.87073e+02   1.57152e+03   9.84445e+02      1.152922e-09  1.000000e-05     1741
9.802111   5.03897e-01  5.02804e-01   9.995e-01   3.75561e-08  2.95934e-05      -6.17570e+02   1.53578e+03   9.18212e+02      1.152922e-09  1.000000e-05     1747
9.945704   5.04315e-01  5.03177e-01   9.995e-01   3.68255e-08  2.43679e-05      -6.51233e+02   1.49726e+03   8.46031e+02      1.152922e-09  1.000000e-05     1753
10.088967   5.04697e-01  5.03517e-01   9.995e-01   3.61406e-08  1.95890e-05      -6.87481e+02   1.45660e+03   7.69123e+02      1.152922e-09  1.000000e-05     1759
10.233154   5.05045e-01  5.03825e-01   9.995e-01   3.54991e-08  1.53123e-05      -7.25804e+02   1.41438e+03   6.88576e+02      1.152922e-09  1.000000e-05     1765
10.377761   5.05356e-01  5.04099e-01   9.995e-01   3.49064e-08  1.16143e-05      -7.65292e+02   1.37160e+03   6.06304e+02      1.152922e-09  1.000000e-05     1771
10.521376   5.05627e-01  5.04334e-01   9.995e-01   3.43693e-08  8.54432e-06      -8.04826e+02   1.32945e+03   5.24627e+02      1.152922e-09  1.000000e-05     1777
10.663619   5.05859e-01  5.04534e-01   9.995e-01   3.38882e-08  6.08158e-06      -8.43648e+02   1.28873e+03   4.45079e+02      1.152922e-09  1.000000e-05     1783
10.805735   5.06054e-01  5.04699e-01   9.995e-01   3.34577e-08  4.15773e-06      -8.81538e+02   1.24962e+03   3.68083e+02      1.152922e-09  1.000000e-05     1789
10.949252   5.06215e-01  5.04834e-01   9.995e-01   3.30726e-08  2.70384e-06      -9.18392e+02   1.21222e+03   2.93833e+02      1.152922e-09  1.000000e-05     1795
11.094321   5.06344e-01  5.04939e-01   9.995e-01   3.27321e-08  1.66517e-06      -9.53770e+02   1.17697e+03   2.23204e+02      1.152922e-09  1.000000e-05     1801
11.239603   5.06441e-01  5.05014e-01   9.995e-01   3.24377e-08  9.84370e-07      -9.86949e+02   1.14456e+03   1.57614e+02      1.152922e-09  1.000000e-05     1807
11.383906   5.06507e-01  5.05062e-01   9.995e-01   3.21884e-08  5.89830e-07      -1.01739e+03   1.11547e+03   9.80777e+01      1.152922e-09  1.000000e-05     1813
11.527633   5.06547e-01  5.05087e-01   9.995e-01   3.19795e-08  4.06419e-07      -1.04501e+03   1.08971e+03   4.46931e+01      1.152922e-09  1.000000e-05     1819
11.672327   5.06562e-01  5.05090e-01   9.995e-01   3.18055e-08  3.70075e-07      -1.06996e+03   1.06709e+03  -2.87353e+00      1.152922e-09  1.000000e-05     1825
11.818831   5.06556e-01  5.05074e-01   9.995e-01   3.16626e-08  4.29384e-07      -1.09222e+03   1.04759e+03  -4.46368e+01      1.152922e-09  1.000000e-05     1831
11.966189   5.06531e-01  5.05041e-01   9.995e-01   3.15488e-08  5.40308e-07      -1.11155e+03   1.03136e+03  -8.01873e+01      1.152922e-09  1.000000e-05     1837
12.112644   5.06489e-01  5.04995e-01   9.995e-01   3.14617e-08  6.66024e-07      -1.12774e+03   1.01848e+03  -1.09255e+02      1.152922e-09  1.000000e-05     1843
12.257696   5.06436e-01  5.04939e-01   9.995e-01   3.13972e-08  7.80958e-07      -1.14090e+03   1.00877e+03  -1.32127e+02      1.152922e-09  1.000000e-05     1849
12.402669   5.06372e-01  5.04875e-01   9.995e-01   3.13511e-08  8.70619e-07      -1.15132e+03   1.00190e+03  -1.49419e+02      1.152922e-09  1.000000e-05     1855
12.549108   5.06300e-01  5.04804e-01   9.995e-01   3.13201e-08  9.27231e-07      -1.15922e+03   9.97599e+02  -1.61618e+02      1.152922e-09  1.000000e-05     1861
12.696866   5.06222e-01  5.04729e-01   9.995e-01   3.13015e-08  9.47342e-07      -1.16471e+03   9.95702e+02  -1.69005e+02      1.152922e-09  1.000000e-05     1867
12.844127   5.06142e-01  5.04653e-01   9.995e-01   3.12928e-08  9.32547e-07      -1.16791e+03   9.95980e+02  -1.71929e+02      1.152922e-09  1.000000e-05     1873
12.989527   5.06061e-01  5.04578e-01   9.995e-01   3.12913e-08  8.88954e-07      -1.16907e+03   9.98105e+02  -1.70966e+02      1.152922e-09  1.000000e-05     1879
13.133802   5.05982e-01  5.04505e-01   9.995e-01   3.12945e-08  8.23960e-07      -1.16849e+03   1.00176e+03  -1.66721e+02      1.152922e-09  1.000000e-05     1885
13.278950   5.05904e-01  5.04434e-01   9.995e-01   3.13007e-08  7.44083e-07      -1.16638e+03   1.00674e+03  -1.59639e+02      1.152922e-09  1.000000e-05     1891
13.425885   5.05829e-01  5.04367e-01   9.995e-01   3.13083e-08  6.55716e-07      -1.16293e+03   1.01283e+03  -1.50093e+02      1.152922e-09  1.000000e-05     1897
13.573283   5.05759e-01  5.04305e-01   9.995e-01   3.13155e-08  5.66050e-07      -1.15837e+03   1.01976e+03  -1.38606e+02      1.152922e-09  1.000000e-05     1903
13.719097   5.05694e-01  5.04249e-01   9.995e-01   3.13208e-08  4.81605e-07      -1.15300e+03   1.02718e+03  -1.25818e+02      1.152922e-09  1.000000e-05     1909
13.863078   5.05636e-01  5.04199e-01   9.995e-01   3.13232e-08  4.06176e-07      -1.14706e+03   1.03484e+03  -1.12217e+02      1.152922e-09  1.000000e-05     1915
14.007163   5.05585e-01  5.04156e-01   9.995e-01   3.13219e-08  3.41049e-07      -1.14068e+03   1.04266e+03  -9.80168e+01      1.152922e-09  1.000000e-05     1921
14.153287   5.05540e-01  5.04119e-01   9.995e-01   3.13164e-08  2.86795e-07      -1.13394e+03   1.05057e+03  -8.33645e+01      1.152922e-09  1.000000e-05     1927
14.301129   5.05501e-01  5.04088e-01   9.995e-01   3.13059e-08  2.44105e-07      -1.12700e+03   1.05839e+03  -6.86062e+01      1.152922e-09  1.000000e-05     1933
14.448420   5.05469e-01  5.04063e-01   9.995e-01   3.12899e-08  2.12977e-07      -1.12012e+03   1.06587e+03  -5.42536e+01      1.152922e-09  1.000000e-05     1939
14.593699   5.05444e-01  5.04045e-01   9.995e-01   3.12684e-08  1.92013e-07      -1.11351e+03   1.07283e+03  -4.06766e+01      1.152922e-09  1.000000e-05     1945
14.738141   5.05425e-01  5.04033e-01   9.995e-01   3.12415e-08  1.79036e-07      -1.10719e+03   1.07925e+03  -2.79405e+01      1.152922e-09  1.000000e-05     1951
14.884217   5.05412e-01  5.04026e-01   9.995e-01   3.12088e-08  1.71998e-07      -1.10117e+03   1.08518e+03  -1.59897e+01      1.152922e-09  1.000000e-05     1957
15.032779   5.05405e-01  5.04023e-01   9.995e-01   3.11701e-08  1.69157e-07      -1.09549e+03   1.09057e+03  -4.91761e+00      1.152922e-09  1.000000e-05     1963
15.181872   5.05403e-01  5.04026e-01   9.995e-01   3.11258e-08  1.68821e-07      -1.09030e+03   1.09531e+03   5.00753e+00      1.152922e-09  1.000000e-05     1969
15.328902   5.05405e-01  5.04032e-01   9.995e-01   3.10771e-08  1.69363e-07      -1.08573e+03   1.09931e+03   1.35773e+01      1.152922e-09  1.000000e-05     1975
15.473687   5.05412e-01  5.04041e-01   9.995e-01   3.10247e-08  1.69552e-07      -1.08177e+03   1.10259e+03   2.08115e+01      1.152922e-09  1.000000e-05     1981
15.618555   5.05421e-01  5.04053e-01   9.995e-01   3.09683e-08  1.68603e-07      -1.07837e+03   1.10523e+03   2.68566e+01      1.152922e-09  1.000000e-05     1987
15.765498   5.05434e-01  5.04068e-01   9.995e-01   3.09075e-08  1.65975e-07      -1.07549e+03   1.10729e+03   3.17951e+01      1.152922e-09  1.000000e-05     1993
15.913650   5.05449e-01  5.04084e-01   9.995e-01   3.08431e-08  1.61373e-07      -1.07316e+03   1.10876e+03   3.56050e+01      1.152922e-09  1.000000e-05     1999
16.060153   5.05465e-01  5.04101e-01   9.995e-01   3.07767e-08  1.54843e-07      -1.07139e+03   1.10967e+03   3.82815e+01      1.152922e-09  1.000000e-05     2005
16.203659   5.05482e-01  5.04119e-01   9.995e-01   3.07094e-08  1.46692e-07      -1.07014e+03   1.11007e+03   3.99252e+01      1.152922e-09  1.000000e-05     2011
16.346124   5.05500e-01  5.04137e-01   9.995e-01   3.06409e-08  1.37237e-07      -1.06936e+03   1.11004e+03   4.06802e+01      1.152922e-09  1.000000e-05     2017
16.490701   5.05519e-01  5.04156e-01   9.995e-01   3.05701e-08  1.26682e-07      -1.06898e+03   1.10962e+03   4.06415e+01      1.152922e-09  1.000000e-05     2023
16.638195   5.05538e-01  5.04174e-01   9.995e-01   3.04969e-08  1.15354e-07      -1.06899e+03   1.10886e+03   3.98639e+01      1.152922e-09  1.000000e-05     2029
16.786035   5.05556e-01  5.04192e-01   9.995e-01   3.04228e-08  1.03838e-07      -1.06935e+03   1.10779e+03   3.84385e+01      1.152922e-09  1.000000e-05     2035
16.931338   5.05573e-01  5.04208e-01   9.995e-01   3.03494e-08  9.27115e-08      -1.07001e+03   1.10651e+03   3.65077e+01      1.152922e-09  1.000000e-05     2041
17.074513   5.05590e-01  5.04224e-01   9.995e-01   3.02768e-08  8.22684e-08      -1.07089e+03   1.10508e+03   3.41856e+01      1.152922e-09  1.000000e-05     2047
17.218842   5.05605e-01  5.04238e-01   9.995e-01   3.02036e-08  7.25598e-08      -1.07198e+03   1.10350e+03   3.15136e+01      1.152922e-09  1.000000e-05     2053
17.366689   5.05619e-01  5.04251e-01   9.995e-01   3.01287e-08  6.36675e-08      -1.07327e+03   1.10179e+03   2.85218e+01      1.152922e-09  1.000000e-05     2059
17.516562   5.05632e-01  5.04264e-01   9.995e-01   3.00532e-08  5.58483e-08      -1.07469e+03   1.10000e+03   2.53139e+01      1.152922e-09  1.000000e-05     2065
17.664628   5.05644e-01  5.04274e-01   9.995e-01   2.99787e-08  4.93093e-08      -1.07618e+03   1.09823e+03   2.20527e+01      1.152922e-09  1.000000e-05     2071
17.809317   5.05653e-01  5.04283e-01   9.995e-01   2.99060e-08  4.40111e-08      -1.07767e+03   1.09651e+03   1.88468e+01      1.152922e-09  1.000000e-05     2077
17.953171   5.05661e-01  5.04291e-01   9.995e-01   2.98339e-08  3.97896e-08      -1.07916e+03   1.09486e+03   1.56999e+01      1.152922e-09  1.000000e-05     2083
18.099795   5.05668e-01  5.04297e-01   9.995e-01   2.97608e-08  3.65016e-08      -1.08066e+03   1.09324e+03   1.25865e+01      1.152922e-09  1.000000e-05     2089
18.249537   5.05673e-01  5.04302e-01   9.995e-01   2.96865e-08  3.40809e-08      -1.08214e+03   1.09169e+03   9.55180e+00      1.152922e-09  1.000000e-05     2095
18.398752   5.05677e-01  5.04306e-01   9.995e-01   2.96126e-08  3.24331e-08      -1.08353e+03   1.09025e+03   6.71321e+00      1.152922e-09  1.000000e-05     2101
18.544109   5.05679e-01  5.04308e-01   9.995e-01   2.95405e-08  3.13511e-08      -1.08481e+03   1.08896e+03   4.15607e+00      1.152922e-09  1.000000e-05     2107
18.686712   5.05680e-01  5.04310e-01   9.995e-01   2.94697e-08  3.06886e-08      -1.08595e+03   1.08782e+03   1.86737e+00      1.152922e-09  1.000000e-05     2113
18.830849   5.05680e-01  5.04310e-01   9.995e-01   2.93982e-08  3.03807e-08      -1.08700e+03   1.08679e+03  -2.10586e-01      1.152922e-09  1.000000e-05     2119
18.979119   5.05679e-01  5.04310e-01   9.995e-01   2.93249e-08  3.03563e-08      -1.08795e+03   1.08586e+03  -2.09236e+00      1.152922e-09  1.000000e-05     2125
19.129239   5.05678e-01  5.04309e-01   9.995e-01   2.92506e-08  3.05221e-08      -1.08878e+03   1.08505e+03  -3.73004e+00      1.152922e-09  1.000000e-05     2131
19.276532   5.05675e-01  5.04308e-01   9.995e-01   2.91775e-08  3.07228e-08      -1.08946e+03   1.08438e+03  -5.07724e+00      1.152922e-09  1.000000e-05     2137
19.419666   5.05672e-01  5.04306e-01   9.995e-01   2.91061e-08  3.08636e-08      -1.08999e+03   1.08384e+03  -6.14645e+00      1.152922e-09  1.000000e-05     2143
19.562221   5.05668e-01  5.04304e-01   9.995e-01   2.90349e-08  3.09935e-08      -1.09039e+03   1.08340e+03  -6.98612e+00      1.152922e-09  1.000000e-05     2149
19.708481   5.05664e-01  5.04301e-01   9.995e-01   2.89618e-08  3.11378e-08      -1.09068e+03   1.08305e+03  -7.62729e+00      1.152922e-09  1.000000e-05     2155
19.858344   5.05660e-01  5.04298e-01   9.995e-01   2.88868e-08  3.12797e-08      -1.09086e+03   1.08279e+03  -8.06954e+00      1.152922e-09  1.000000e-05     2161
20.007025   5.05655e-01  5.04295e-01   9.995e-01   2.88123e-08  3.13533e-08      -1.09092e+03   1.08260e+03  -8.31220e+00      1.152922e-09  1.000000e-05     2167
20.150774   5.05650e-01  5.04292e-01   9.995e-01   2.87399e-08  3.12706e-08      -1.09087e+03   1.08249e+03  -8.37944e+00      1.152922e-09  1.000000e-05     2173
20.291524   5.05646e-01  5.04290e-01   9.995e-01   2.86689e-08  3.11014e-08      -1.09074e+03   1.08244e+03  -8.30432e+00      1.152922e-09  1.000000e-05     2179
20.434659   5.05641e-01  5.04287e-01   9.995e-01   2.85966e-08  3.09310e-08      -1.09053e+03   1.08242e+03  -8.10416e+00      1.152922e-09  1.000000e-05     2185
20.582959   5.05637e-01  5.04284e-01   9.995e-01   2.85218e-08  3.07705e-08      -1.09023e+03   1.08244e+03  -7.78542e+00      1.152922e-09  1.000000e-05     2191
20.733120   5.05632e-01  5.04281e-01   9.995e-01   2.84462e-08  3.06103e-08      -1.08986e+03   1.08250e+03  -7.36802e+00      1.152922e-09  1.000000e-05     2197
20.879461   5.05628e-01  5.04279e-01   9.995e-01   2.83724e-08  3.03830e-08      -1.08945e+03   1.08256e+03  -6.88879e+00      1.152922e-09  1.000000e-05     2203
21.021048   5.05624e-01  5.04277e-01   9.995e-01   2.83009e-08  3.00854e-08      -1.08901e+03   1.08264e+03  -6.37414e+00      1.152922e-09  1.000000e-05     2209
21.162851   5.05621e-01  5.04275e-01   9.995e-01   2.82294e-08  2.98071e-08      -1.08854e+03   1.08271e+03  -5.82409e+00      1.152922e-09  1.000000e-05     2215
21.310069   5.05618e-01  5.04273e-01   9.995e-01   2.81555e-08  2.95737e-08      -1.08802e+03   1.08279e+03  -5.23145e+00      1.152922e-09  1.000000e-05     2221
21.461999   5.05615e-01  5.04272e-01   9.995e-01   2.80796e-08  2.93943e-08      -1.08746e+03   1.08285e+03  -4.61165e+00      1.152922e-09  1.000000e-05     2227
21.612264   5.05612e-01  5.04270e-01   9.995e-01   2.80049e-08  2.92329e-08      -1.08691e+03   1.08290e+03  -4.00368e+00      1.152922e-09  1.000000e-05     2233
21.756504   5.05610e-01  5.04269e-01   9.995e-01   2.79331e-08  2.89949e-08      -1.08637e+03   1.08293e+03  -3.43489e+00      1.152922e-09  1.000000e-05     2239
21.897665   5.05608e-01  5.04268e-01   9.995e-01   2.78630e-08  2.87430e-08      -1.08584e+03   1.08294e+03  -2.90091e+00      1.152922e-09  1.000000e-05     2245
22.042328   5.05606e-01  5.04268e-01   9.995e-01   2.77917e-08  2.85534e-08      -1.08531e+03   1.08293e+03  -2.38447e+00      1.152922e-09  1.000000e-05     2251
22.193061   5.05605e-01  5.04267e-01   9.995e-01   2.77181e-08  2.84425e-08      -1.08478e+03   1.08289e+03  -1.88566e+00      1.152922e-09  1.000000e-05     2257
22.344777   5.05603e-01  5.04267e-01   9.995e-01   2.76447e-08  2.83959e-08      -1.08425e+03   1.08283e+03  -1.42854e+00      1.152922e-09  1.000000e-05     2263
22.490487   5.05602e-01  5.04267e-01   9.995e-01   2.75742e-08  2.82556e-08      -1.08377e+03   1.08274e+03  -1.03353e+00      1.152922e-09  1.000000e-05     2269
22.630150   5.05602e-01  5.04266e-01   9.995e-01   2.75066e-08  2.80227e-08      -1.08333e+03   1.08263e+03  -6.97865e-01      1.152922e-09  1.000000e-05     2275
22.770709   5.05601e-01  5.04266e-01   9.995e-01   2.74392e-08  2.78535e-08      -1.08291e+03   1.08250e+03  -4.04438e-01      1.152922e-09  1.000000e-05     2281
22.918336   5.05601e-01  5.04266e-01   9.995e-01   2.73693e-08  2.77635e-08      -1.08249e+03   1.08235e+03  -1.43388e-01      1.152922e-09  1.000000e-05     2287
23.071226   5.05601e-01  5.04266e-01   9.995e-01   2.72978e-08  2.77521e-08      -1.08208e+03   1.08216e+03   7.77011e-02      1.152922e-09  1.000000e-05     2293
23.221044   5.05601e-01  5.04267e-01   9.995e-01   2.72281e-08  2.77352e-08      -1.08171e+03   1.08196e+03   2.48080e-01      1.152922e-09  1.000000e-05     2299
23.363359   5.05601e-01  5.04267e-01   9.995e-01   2.71622e-08  2.75836e-08      -1.08139e+03   1.08176e+03   3.69774e-01      1.152922e-09  1.000000e-05     2305
23.503138   5.05601e-01  5.04267e-01   9.995e-01   2.70979e-08  2.74344e-08      -1.08109e+03   1.08154e+03   4.53691e-01      1.152922e-09  1.000000e-05     2311
23.648804   5.05602e-01  5.04267e-01   9.995e-01   2.70318e-08  2.73666e-08      -1.08080e+03   1.08131e+03   5.06576e-01      1.152922e-09  1.000000e-05     2317
23.802481   5.05602e-01  5.04267e-01   9.995e-01   2.69629e-08  2.74056e-08      -1.08052e+03   1.08105e+03   5.27544e-01      1.152922e-09  1.000000e-05     2323
23.956218   5.05603e-01  5.04267e-01   9.995e-01   2.68947e-08  2.75491e-08      -1.08026e+03   1.08078e+03   5.16251e-01      1.152922e-09  1.000000e-05     2329
24.100989   5.05603e-01  5.04267e-01   9.995e-01   2.68309e-08  2.74734e-08      -1.08004e+03   1.08052e+03   4.81785e-01      1.152922e-09  1.000000e-05     2335
24.238132   5.05604e-01  5.04267e-01   9.995e-01   2.67708e-08  2.72318e-08      -1.07984e+03   1.08028e+03   4.33087e-01      1.152922e-09  1.000000e-05     2341
24.377306   5.05604e-01  5.04267e-01   9.995e-01   2.67105e-08  2.71093e-08      -1.07966e+03   1.08003e+03   3.68461e-01      1.152922e-09  1.000000e-05     2347
24.525573   5.05605e-01  5.04267e-01   9.995e-01   2.66470e-08  2.70961e-08      -1.07947e+03   1.07976e+03   2.85133e-01      1.152922e-09  1.000000e-05     2353
24.678810   5.05605e-01  5.04266e-01   9.995e-01   2.65822e-08  2.71832e-08      -1.07930e+03   1.07948e+03   1.86737e-01      1.152922e-09  1.000000e-05     2359
24.825896   5.05605e-01  5.04266e-01   9.995e-01   2.65206e-08  2.71797e-08      -1.07914e+03   1.07922e+03   8.54741e-02      1.152922e-09  1.000000e-05     2365
24.963430   5.05606e-01  5.04266e-01   9.995e-01   2.64631e-08  2.69844e-08      -1.07899e+03   1.07898e+03  -1.12091e-02      1.152922e-09  1.000000e-05     2371
25.099859   5.05606e-01  5.04265e-01   9.995e-01   2.64065e-08  2.68595e-08      -1.07886e+03   1.07875e+03  -1.08720e-01      1.152922e-09  1.000000e-05     2377
25.245653   5.05607e-01  5.04265e-01   9.995e-01   2.63468e-08  2.68183e-08      -1.07872e+03   1.07851e+03  -2.12980e-01      1.152922e-09  1.000000e-05     2383
25.401282   5.05607e-01  5.04264e-01   9.995e-01   2.62840e-08  2.68618e-08      -1.07857e+03   1.07825e+03  -3.22258e-01      1.152922e-09  1.000000e-05     2389
25.554915   5.05608e-01  5.04263e-01   9.995e-01   2.62231e-08  2.69605e-08      -1.07843e+03   1.07801e+03  -4.26235e-01      1.152922e-09  1.000000e-05     2395
25.697074   5.05608e-01  5.04263e-01   9.995e-01   2.61662e-08  2.68396e-08      -1.07830e+03   1.07779e+03  -5.15437e-01      1.152922e-09  1.000000e-05     2401
25.832772   5.05608e-01  5.04262e-01   9.995e-01   2.61120e-08  2.66711e-08      -1.07818e+03   1.07759e+03  -5.93918e-01      1.152922e-09  1.000000e-05     2407
25.974887   5.05608e-01  5.04261e-01   9.995e-01   2.60561e-08  2.66029e-08      -1.07805e+03   1.07738e+03  -6.69717e-01      1.152922e-09  1.000000e-05     2413
26.129774   5.05609e-01  5.04260e-01   9.995e-01   2.59964e-08  2.66387e-08      -1.07791e+03   1.07716e+03  -7.44460e-01      1.152922e-09  1.000000e-05     2419
26.287790   5.05609e-01  5.04259e-01   9.995e-01   2.59374e-08  2.68755e-08      -1.07776e+03   1.07695e+03  -8.12342e-01      1.152922e-09  1.000000e-05     2425
26.433729   5.05609e-01  5.04258e-01   9.995e-01   2.58821e-08  2.68624e-08      -1.07762e+03   1.07675e+03  -8.63226e-01      1.152922e-09  1.000000e-05     2431
26.567236   5.05610e-01  5.04257e-01   9.995e-01   2.58295e-08  2.65174e-08      -1.07749e+03   1.07659e+03  -9.00677e-01      1.152922e-09  1.000000e-05     2437
26.702030   5.05610e-01  5.04256e-01   9.995e-01   2.57779e-08  2.63662e-08      -1.07735e+03   1.07642e+03  -9.33350e-01      1.152922e-09  1.000000e-05     2443
26.851007   5.05610e-01  5.04255e-01   9.995e-01   2.57224e-08  2.63421e-08      -1.07720e+03   1.07624e+03  -9.62407e-01      1.152922e-09  1.000000e-05     2449
27.010553   5.05610e-01  5.04253e-01   9.995e-01   2.56649e-08  2.65090e-08      -1.07703e+03   1.07605e+03  -9.84858e-01      1.152922e-09  1.000000e-05     2455
27.145346   5.05611e-01  5.04252e-01   9.995e-01   2.56142e-08  2.62731e-08      -1.07689e+03   1.07589e+03  -9.96537e-01      1.152922e-09  1.000000e-05     2467
27.280140   5.05611e-01  5.04251e-01   9.995e-01   2.55645e-08  2.61482e-08      -1.07674e+03   1.07574e+03  -1.00311e+00      1.152922e-09  1.000000e-05     2473
27.431747   5.05611e-01  5.04250e-01   9.995e-01   2.55100e-08  2.61324e-08      -1.07658e+03   1.07557e+03  -1.00484e+00      1.152922e-09  1.000000e-05     2479
27.593952   5.05612e-01  5.04249e-01   9.995e-01   2.54538e-08  2.63421e-08      -1.07639e+03   1.07539e+03  -9.99884e-01      1.152922e-09  1.000000e-05     2485
27.726343   5.05612e-01  5.04247e-01   9.995e-01   2.54053e-08  2.60626e-08      -1.07624e+03   1.07525e+03  -9.93580e-01      1.152922e-09  1.000000e-05     2497
27.858734   5.05612e-01  5.04246e-01   9.995e-01   2.53582e-08  2.59383e-08      -1.07609e+03   1.07511e+03  -9.82783e-01      1.152922e-09  1.000000e-05     2503
28.012338   5.05613e-01  5.04245e-01   9.995e-01   2.53049e-08  2.59277e-08      -1.07591e+03   1.07494e+03  -9.67375e-01      1.152922e-09  1.000000e-05     2509
28.179303   5.05613e-01  5.04244e-01   9.995e-01   2.52499e-08  2.62696e-08      -1.07572e+03   1.07477e+03  -9.47637e-01      1.152922e-09  1.000000e-05     2515
28.307169   5.05613e-01  5.04242e-01   9.995e-01   2.52038e-08  2.58634e-08      -1.07557e+03   1.07463e+03  -9.32724e-01      1.152922e-09  1.000000e-05     2527
28.435034   5.05614e-01  5.04241e-01   9.995e-01   2.51599e-08  2.57356e-08      -1.07541e+03   1.07450e+03  -9.14975e-01      1.152922e-09  1.000000e-05     2533
28.590965   5.05614e-01  5.04240e-01   9.995e-01   2.51076e-08  2.57245e-08      -1.07523e+03   1.07433e+03  -8.93423e-01      1.152922e-09  1.000000e-05     2539
28.743480   5.05615e-01  5.04238e-01   9.995e-01   2.50572e-08  2.57338e-08      -1.07505e+03   1.07417e+03  -8.72923e-01      1.152922e-09  1.000000e-05     2551
28.895995   5.05615e-01  5.04237e-01   9.995e-01   2.50077e-08  2.57962e-08      -1.07487e+03   1.07401e+03  -8.53177e-01      1.152922e-09  1.000000e-05     2557
29.042789   5.05616e-01  5.04236e-01   9.995e-01   2.49603e-08  2.57970e-08      -1.07469e+03   1.07386e+03  -8.35231e-01      1.152922e-09  1.000000e-05     2563
29.180777   5.05617e-01  5.04235e-01   9.995e-01   2.49149e-08  2.56341e-08      -1.07453e+03   1.07371e+03  -8.18808e-01      1.152922e-09  1.000000e-05     2569
29.317888   5.05617e-01  5.04233e-01   9.995e-01   2.48704e-08  2.55171e-08      -1.07437e+03   1.07357e+03  -8.03187e-01      1.152922e-09  1.000000e-05     2575
29.463883   5.05618e-01  5.04232e-01   9.995e-01   2.48240e-08  2.54806e-08      -1.07420e+03   1.07341e+03  -7.88379e-01      1.152922e-09  1.000000e-05     2581
29.618407   5.05618e-01  5.04230e-01   9.995e-01   2.47763e-08  2.55414e-08      -1.07402e+03   1.07325e+03  -7.74993e-01      1.152922e-09  1.000000e-05     2587
29.769365   5.05619e-01  5.04229e-01   9.995e-01   2.47306e-08  2.56330e-08      -1.07385e+03   1.07308e+03  -7.64755e-01      1.152922e-09  1.000000e-05     2593
29.908908   5.05620e-01  5.04228e-01   9.995e-01   2.46867e-08  2.54783e-08      -1.07369e+03   1.07293e+03  -7.57550e-01      1.152922e-09  1.000000e-05     2599
30.000000   5.05620e-01  5.04227e-01   9.995e-01   2.46570e-08  2.52434e-08      -1.07359e+03   1.07284e+03  -7.52763e-01      1.152922e-09  1.000000e-05     2605
