      0.000000    2.086828e+00
      0.200000    2.086911e+00
      0.400000    2.087194e+00
      0.600000    2.086771e+00
      0.800000    2.084383e+00
      1.000000    2.079209e+00
      1.200000    2.071011e+00
      1.400000    2.059993e+00
      1.600000    2.046615e+00
      1.800000    2.031469e+00
      2.000000    2.015166e+00
      2.200000    1.998282e+00
      2.400000    1.981314e+00
      2.600000    1.964663e+00
      2.800000    1.948624e+00
      3.000000    1.933398e+00
      3.200000    1.919092e+00
      3.400000    1.905743e+00
      3.600000    1.893334e+00
      3.800000    1.881809e+00
      4.000000    1.871086e+00
      4.200000    1.861073e+00
      4.400000    1.851690e+00
      4.600000    1.842856e+00
      4.800000    1.834500e+00
      5.000000    1.826570e+00
      5.200000    1.819032e+00
      5.400000    1.811857e+00
      5.600000    1.805029e+00
      5.800000    1.798546e+00
      6.000000    1.792399e+00
      6.200000    1.786585e+00
      6.400000    1.781113e+00
      6.600000    1.775974e+00
      6.800000    1.771162e+00
      7.000000    1.766670e+00
      7.200000    1.762492e+00
      7.400000    1.758612e+00
      7.600000    1.755021e+00
      7.800000    1.751688e+00
      8.000000    1.748610e+00
      8.200000    1.745765e+00
      8.400000    1.743133e+00
      8.600000    1.740692e+00
      8.800000    1.738438e+00
      9.000000    1.736347e+00
      9.200000    1.734409e+00
      9.400000    1.732614e+00
      9.600000    1.730944e+00
      9.800000    1.729393e+00
      10.000000    1.727950e+00
      10.200000    1.726613e+00
      10.400000    1.725369e+00
      10.600000    1.724210e+00
      10.800000    1.723138e+00
      11.000000    1.722146e+00
      11.200000    1.721220e+00
      11.400000    1.720366e+00
      11.600000    1.719574e+00
      11.800000    1.718843e+00
      12.000000    1.718161e+00
      12.200000    1.717537e+00
      12.400000    1.716956e+00
      12.600000    1.716422e+00
      12.800000    1.715926e+00
      13.000000    1.715467e+00
      13.200000    1.715046e+00
      13.400000    1.714656e+00
      13.600000    1.714291e+00
      13.800000    1.713959e+00
      14.000000    1.713652e+00
      14.200000    1.713372e+00
      14.400000    1.713113e+00
      14.600000    1.712866e+00
      14.800000    1.712643e+00
      15.000000    1.712436e+00
      15.200000    1.712251e+00
      15.400000    1.712073e+00
      15.600000    1.711910e+00
      15.800000    1.711757e+00
      16.000000    1.711621e+00
      16.200000    1.711496e+00
      16.400000    1.711369e+00
      16.600000    1.711265e+00
      16.800000    1.711167e+00
      17.000000    1.711066e+00
      17.200000    1.710982e+00
      17.400000    1.710905e+00
      17.600000    1.710831e+00
      17.800000    1.710764e+00
      18.000000    1.710706e+00
      18.200000    1.710645e+00
      18.400000    1.710594e+00
      18.600000    1.710545e+00
      18.800000    1.710499e+00
      19.000000    1.710456e+00
      19.200000    1.710417e+00
      19.400000    1.710382e+00
      19.600000    1.710347e+00
      19.800000    1.710324e+00
      20.000000    1.710292e+00
      20.200000    1.710266e+00
      20.400000    1.710243e+00
      20.600000    1.710222e+00
      20.800000    1.710205e+00
      21.000000    1.710183e+00
      21.200000    1.710166e+00
      21.400000    1.710148e+00
      21.600000    1.710138e+00
      21.800000    1.710119e+00
      22.000000    1.710110e+00
      22.200000    1.710098e+00
      22.400000    1.710089e+00
      22.600000    1.710077e+00
      22.800000    1.710070e+00
      23.000000    1.710063e+00
      23.200000    1.710057e+00
      23.400000    1.710045e+00
      23.600000    1.710038e+00
      23.800000    1.710035e+00
      24.000000    1.710029e+00
      24.200000    1.710021e+00
      24.400000    1.710021e+00
      24.600000    1.710015e+00
      24.800000    1.710008e+00
      25.000000    1.710003e+00
      25.200000    1.710000e+00
      25.400000    1.710001e+00
      25.600000    1.709996e+00
      25.800000    1.709993e+00
      26.000000    1.709993e+00
      26.200000    1.709989e+00
      26.400000    1.709987e+00
      26.600000    1.709986e+00
      26.800000    1.709986e+00
      27.000000    1.709986e+00
      27.200000    1.709980e+00
      27.400000    1.709979e+00
      27.600000    1.709980e+00
      27.800000    1.709980e+00
      28.000000    1.709979e+00
      28.200000    1.709977e+00
      28.400000    1.709972e+00
      28.600000    1.709968e+00
      28.800000    1.709968e+00
      29.000000    1.709968e+00
      29.200000    1.709968e+00
      29.400000    1.709968e+00
      29.600000    1.709968e+00
      29.800000    1.709968e+00
      30.000000    1.709968e+00
      30.200000    1.709968e+00
      30.400000    1.709966e+00
      30.600000    1.709966e+00
      30.800000    1.709966e+00
      31.000000    1.709966e+00
      31.200000    1.709966e+00
      31.400000    1.709966e+00
      31.600000    1.709966e+00
      31.800000    1.709966e+00
      32.000000    1.709961e+00
      32.200000    1.709961e+00
      32.400000    1.709961e+00
      32.600000    1.709961e+00
      32.800000    1.709961e+00
      33.000000    1.709961e+00
      33.200000    1.709961e+00
      33.400000    1.709961e+00
      33.600000    1.709961e+00
      33.800000    1.709961e+00
      34.000000    1.709961e+00
      34.200000    1.709961e+00
      34.400000    1.709961e+00
      34.600000    1.709961e+00
      34.800000    1.709961e+00
      35.000000    1.709961e+00
      35.200000    1.709961e+00
      35.400000    1.709961e+00
      35.600000    1.709961e+00
      35.800000    1.709961e+00
      36.000000    1.709961e+00
      36.200000    1.709961e+00
      36.400000    1.709961e+00
      36.600000    1.709961e+00
      36.800000    1.709961e+00
      37.000000    1.709961e+00
      37.200000    1.709961e+00
      37.400000    1.709961e+00
      37.600000    1.709961e+00
      37.800000    1.709961e+00
      38.000000    1.709961e+00
      38.200000    1.709961e+00
      38.400000    1.709961e+00
      38.600000    1.709961e+00
      38.800000    1.709961e+00
      39.000000    1.709961e+00
      39.200000    1.709961e+00
      39.400000    1.709961e+00
      39.600000    1.709961e+00
      39.800000    1.709961e+00
