      0.000000    2.144748e+00
      0.200000    2.144793e+00
      0.400000    2.144811e+00
      0.600000    2.143997e+00
      0.800000    2.141459e+00
      1.000000    2.136691e+00
      1.200000    2.129594e+00
      1.400000    2.120342e+00
      1.600000    2.109259e+00
      1.800000    2.096727e+00
      2.000000    2.083135e+00
      2.200000    2.068840e+00
      2.400000    2.054157e+00
      2.600000    2.039350e+00
      2.800000    2.024628e+00
      3.000000    2.010164e+00
      3.200000    1.996084e+00
      3.400000    1.982483e+00
      3.600000    1.969428e+00
      3.800000    1.956966e+00
      4.000000    1.945122e+00
      4.200000    1.933911e+00
      4.400000    1.923329e+00
      4.600000    1.913377e+00
      4.800000    1.904035e+00
      5.000000    1.895289e+00
      5.200000    1.887115e+00
      5.400000    1.879486e+00
      5.600000    1.872387e+00
      5.800000    1.865780e+00
      6.000000    1.859644e+00
      6.200000    1.853951e+00
      6.400000    1.848672e+00
      6.600000    1.843785e+00
      6.800000    1.839259e+00
      7.000000    1.835083e+00
      7.200000    1.831221e+00
      7.400000    1.827658e+00
      7.600000    1.824371e+00
      7.800000    1.821339e+00
      8.000000    1.818547e+00
      8.200000    1.815977e+00
      8.400000    1.813608e+00
      8.600000    1.811431e+00
      8.800000    1.809426e+00
      9.000000    1.807586e+00
      9.200000    1.805887e+00
      9.400000    1.804335e+00
      9.600000    1.802906e+00
      9.800000    1.801594e+00
      10.000000    1.800384e+00
      10.200000    1.799281e+00
      10.400000    1.798266e+00
      10.600000    1.797336e+00
      10.800000    1.796480e+00
      11.000000    1.795699e+00
      11.200000    1.794977e+00
      11.400000    1.794319e+00
      11.600000    1.793714e+00
      11.800000    1.793162e+00
      12.000000    1.792656e+00
      12.200000    1.792189e+00
      12.400000    1.791767e+00
      12.600000    1.791373e+00
      12.800000    1.791018e+00
      13.000000    1.790690e+00
      13.200000    1.790392e+00
      13.400000    1.790114e+00
      13.600000    1.789866e+00
      13.800000    1.789631e+00
      14.000000    1.789420e+00
      14.200000    1.789231e+00
      14.400000    1.789052e+00
      14.600000    1.788890e+00
      14.800000    1.788739e+00
      15.000000    1.788605e+00
      15.200000    1.788482e+00
      15.400000    1.788365e+00
      15.600000    1.788263e+00
      15.800000    1.788167e+00
      16.000000    1.788081e+00
      16.200000    1.787999e+00
      16.400000    1.787927e+00
      16.600000    1.787855e+00
      16.800000    1.787795e+00
      17.000000    1.787742e+00
      17.200000    1.787686e+00
      17.400000    1.787641e+00
      17.600000    1.787597e+00
      17.800000    1.787561e+00
      18.000000    1.787526e+00
      18.200000    1.787488e+00
      18.400000    1.787459e+00
      18.600000    1.787432e+00
      18.800000    1.787408e+00
      19.000000    1.787384e+00
      19.200000    1.787363e+00
      19.400000    1.787345e+00
      19.600000    1.787323e+00
      19.800000    1.787308e+00
      20.000000    1.787290e+00
      20.200000    1.787281e+00
      20.400000    1.787266e+00
      20.600000    1.787255e+00
      20.800000    1.787245e+00
      21.000000    1.787236e+00
      21.200000    1.787228e+00
      21.400000    1.787219e+00
      21.600000    1.787213e+00
      21.800000    1.787203e+00
      22.000000    1.787201e+00
      22.200000    1.787195e+00
      22.400000    1.787188e+00
      22.600000    1.787186e+00
      22.800000    1.787179e+00
      23.000000    1.787177e+00
      23.200000    1.787174e+00
      23.400000    1.787168e+00
      23.600000    1.787168e+00
      23.800000    1.787165e+00
      24.000000    1.787161e+00
      24.200000    1.787159e+00
      24.400000    1.787159e+00
      24.600000    1.787156e+00
      24.800000    1.787152e+00
      25.000000    1.787150e+00
      25.200000    1.787150e+00
      25.400000    1.787150e+00
      25.600000    1.787150e+00
      25.800000    1.787147e+00
      26.000000    1.787147e+00
      26.200000    1.787143e+00
      26.400000    1.787139e+00
      26.600000    1.787137e+00
      26.800000    1.787137e+00
      27.000000    1.787137e+00
      27.200000    1.787137e+00
      27.400000    1.787137e+00
      27.600000    1.787137e+00
      27.800000    1.787137e+00
      28.000000    1.787137e+00
      28.200000    1.787137e+00
      28.400000    1.787134e+00
      28.600000    1.787134e+00
      28.800000    1.787134e+00
      29.000000    1.787134e+00
      29.200000    1.787134e+00
      29.400000    1.787134e+00
      29.600000    1.787134e+00
      29.800000    1.787130e+00
      30.000000    1.787130e+00
      30.200000    1.787130e+00
      30.400000    1.787130e+00
      30.600000    1.787130e+00
      30.800000    1.787130e+00
      31.000000    1.787130e+00
      31.200000    1.787130e+00
      31.400000    1.787130e+00
      31.600000    1.787130e+00
      31.800000    1.787130e+00
      32.000000    1.787130e+00
      32.200000    1.787130e+00
      32.400000    1.787130e+00
      32.600000    1.787130e+00
      32.800000    1.787130e+00
      33.000000    1.787130e+00
      33.200000    1.787130e+00
      33.400000    1.787130e+00
      33.600000    1.787130e+00
      33.800000    1.787130e+00
      34.000000    1.787130e+00
      34.200000    1.787130e+00
      34.400000    1.787130e+00
      34.600000    1.787130e+00
      34.800000    1.787130e+00
      35.000000    1.787130e+00
      35.200000    1.787130e+00
      35.400000    1.787130e+00
      35.600000    1.787130e+00
      35.800000    1.787130e+00
      36.000000    1.787130e+00
      36.200000    1.787130e+00
      36.400000    1.787130e+00
      36.600000    1.787130e+00
      36.800000    1.787130e+00
      37.000000    1.787130e+00
      37.200000    1.787130e+00
      37.400000    1.787130e+00
      37.600000    1.787130e+00
      37.800000    1.787130e+00
      38.000000    1.787130e+00
      38.200000    1.787130e+00
      38.400000    1.787130e+00
      38.600000    1.787130e+00
      38.800000    1.787130e+00
      39.000000    1.787130e+00
      39.200000    1.787130e+00
      39.400000    1.787130e+00
      39.600000    1.787130e+00
      39.800000    1.787130e+00
