0.000000000000000000e+00 -1.916109999999999980e+00 -7.091674044061199167e-01 -2.993524999999999991e+00
3.643099999999999811e-02 -1.916360999999999981e+00 -7.089225495689038814e-01 -2.993405000000000094e+00
1.120239999999999986e-01 -1.918525999999999954e+00 -7.080017110816320125e-01 -2.994169999999999998e+00
1.963509999999999978e-01 -1.922941000000000011e+00 -7.057150828437599444e-01 -2.995111000000000079e+00
2.981190000000000229e-01 -1.930307999999999913e+00 -7.020402856497358623e-01 -2.996894999999999865e+00
4.117169999999999996e-01 -1.940322000000000102e+00 -6.978632727546479897e-01 -3.000561999999999951e+00
5.258819999999999606e-01 -1.951017000000000001e+00 -6.939548103261838907e-01 -3.005320000000000213e+00
6.423050000000000148e-01 -1.962477000000000027e+00 -6.898896934588559793e-01 -3.010603999999999836e+00
7.611320000000000308e-01 -1.974404000000000048e+00 -6.860562671901839771e-01 -3.016706999999999805e+00
8.850329999999999586e-01 -1.986769000000000007e+00 -6.831417047729999581e-01 -3.024643999999999888e+00
1.009970999999999952e+00 -1.998849000000000098e+00 -6.806714354072159745e-01 -3.032970999999999862e+00
1.140219000000000094e+00 -2.011104000000000003e+00 -6.778681108058639548e-01 -3.040967000000000198e+00
1.270337999999999967e+00 -2.022851000000000177e+00 -6.756275574029519948e-01 -3.049310000000000187e+00
1.395782999999999996e+00 -2.033837000000000117e+00 -6.734857357892398699e-01 -3.057042000000000037e+00
1.526388999999999996e+00 -2.044945999999999930e+00 -6.713840651031358631e-01 -3.064957000000000154e+00
1.658360999999999974e+00 -2.055543000000000120e+00 -6.692692301784719522e-01 -3.072341999999999906e+00
1.796975999999999907e+00 -2.066358999999999835e+00 -6.677941772478239724e-01 -3.080918000000000045e+00
1.939597999999999933e+00 -2.077126999999999946e+00 -6.665606880947518853e-01 -3.089811000000000085e+00
2.082504000000000133e+00 -2.087320000000000064e+00 -6.654094754326799199e-01 -3.098254999999999981e+00
2.232968000000000064e+00 -2.097922000000000065e+00 -6.637172125657919697e-01 -3.106285999999999881e+00
2.379233999999999849e+00 -2.107543000000000166e+00 -6.622237297011599466e-01 -3.113637999999999906e+00
2.524016000000000037e+00 -2.116668000000000216e+00 -6.612640567101359945e-01 -3.121304999999999996e+00
2.669181000000000026e+00 -2.125763000000000069e+00 -6.596139194066399369e-01 -3.127893999999999952e+00
2.820826999999999973e+00 -2.134615000000000151e+00 -6.589313536373039293e-01 -3.135708000000000162e+00
2.981268000000000029e+00 -2.143459000000000003e+00 -6.578909180427143788e-01 -3.142971000000000181e+00
3.143857999999999819e+00 -2.151607999999999965e+00 -6.567969698183783178e-01 -3.149458000000000091e+00
3.310576000000000185e+00 -2.159651000000000209e+00 -6.560284415712455131e-01 -3.156334000000000195e+00
3.477165999999999979e+00 -2.167314000000000185e+00 -6.553795104314303899e-01 -3.163011000000000017e+00
3.638018999999999892e+00 -2.174094000000000193e+00 -6.549261340554239919e-01 -3.169102000000000086e+00
3.804659000000000013e+00 -2.180984000000000034e+00 -6.543496062276886738e-01 -3.175116000000000049e+00
3.968938000000000077e+00 -2.187167000000000083e+00 -6.540763824563758932e-01 -3.180883999999999823e+00
4.136713000000000306e+00 -2.193216000000000054e+00 -6.533932242963047532e-01 -3.185894999999999921e+00
4.300850999999999758e+00 -2.198608999999999813e+00 -6.532865939639688202e-01 -3.191126000000000129e+00
4.466918999999999862e+00 -2.204013000000000222e+00 -6.527304048848087126e-01 -3.195685000000000109e+00
4.638543999999999556e+00 -2.209079000000000015e+00 -6.523923472385879663e-01 -3.200236999999999998e+00
4.817782000000000231e+00 -2.214046999999999876e+00 -6.517628333506487737e-01 -3.204248999999999903e+00
4.994233999999999618e+00 -2.218649000000000093e+00 -6.511799208672119921e-01 -3.207965999999999873e+00
5.163251999999999953e+00 -2.222503999999999813e+00 -6.508119145782671477e-01 -3.211262000000000061e+00
5.347239000000000075e+00 -2.227066000000000212e+00 -6.502315033001567768e-01 -3.214941000000000049e+00
5.526945000000000441e+00 -2.230516999999999861e+00 -6.500716236228455402e-01 -3.218150000000000066e+00
5.711890000000000356e+00 -2.233782999999999852e+00 -6.500155439665800117e-01 -3.221331000000000166e+00
5.893697999999999659e+00 -2.236562000000000161e+00 -6.499183260648143667e-01 -3.223962000000000216e+00
6.082370000000000054e+00 -2.239335000000000075e+00 -6.497826685864535046e-01 -3.226529000000000202e+00
6.273755000000000415e+00 -2.241772000000000098e+00 -6.494762709339695350e-01 -3.228501000000000065e+00
6.466069000000000067e+00 -2.244072000000000067e+00 -6.497568008576831700e-01 -3.231227000000000071e+00
6.662716999999999778e+00 -2.246445000000000025e+00 -6.494001816350927214e-01 -3.233058000000000209e+00
6.856222999999999956e+00 -2.248393000000000086e+00 -6.493291605680615586e-01 -3.234897999999999829e+00
7.057350999999999708e+00 -2.250535999999999870e+00 -6.489868903655016119e-01 -3.236521000000000203e+00
7.258843999999999852e+00 -2.252364000000000033e+00 -6.489942623390951848e-01 -3.238360000000000127e+00
7.463066999999999673e+00 -2.254093999999999820e+00 -6.486300078581399564e-01 -3.239536000000000193e+00
7.665242000000000111e+00 -2.255501999999999896e+00 -6.484231318491695539e-01 -3.240629999999999900e+00
7.872015000000000207e+00 -2.256924000000000152e+00 -6.486870748322975944e-01 -3.242452999999999808e+00
8.067878000000000327e+00 -2.258173000000000208e+00 -6.482737177415135443e-01 -3.243074000000000012e+00
8.275363999999999720e+00 -2.259440999999999811e+00 -6.480567710900447809e-01 -3.244012999999999813e+00
8.479812000000000793e+00 -2.260146000000000210e+00 -6.483723178883279425e-01 -3.245197000000000109e+00
8.687568000000000623e+00 -2.261057999999999790e+00 -6.485859734801567855e-01 -3.246433999999999820e+00
8.886551000000000755e+00 -2.261512999999999884e+00 -6.485915024603520207e-01 -3.246897000000000144e+00
9.094417999999999225e+00 -2.262176000000000187e+00 -6.485784040429847241e-01 -3.247539999999999871e+00
9.308075999999999794e+00 -2.262958999999999943e+00 -6.483369719077942683e-01 -3.247955999999999843e+00
9.526343000000000671e+00 -2.263398000000000021e+00 -6.487073477596799753e-01 -3.248956999999999873e+00
9.743306999999999718e+00 -2.264022999999999897e+00 -6.484168130146606979e-01 -3.249140999999999835e+00
9.960585999999999274e+00 -2.264517000000000113e+00 -6.484171421206247343e-01 -3.249636000000000191e+00
1.018333999999999939e+01 -2.265080000000000204e+00 -6.483386832588071691e-01 -3.250080000000000080e+00
1.040770499999999998e+01 -2.265433999999999948e+00 -6.481961145552023185e-01 -3.250217000000000134e+00
1.062849699999999942e+01 -2.266049000000000202e+00 -6.482219164627799346e-01 -3.250872000000000206e+00
1.084476599999999991e+01 -2.266417000000000126e+00 -6.481864388398607124e-01 -3.251186000000000131e+00
1.107263599999999926e+01 -2.267028999999999961e+00 -6.479018280021935361e-01 -3.251364999999999839e+00
1.130149699999999946e+01 -2.267074000000000034e+00 -6.480280730499838882e-01 -3.251602000000000103e+00
1.153008799999999923e+01 -2.267430000000000057e+00 -6.481780137271823117e-01 -3.252186000000000021e+00
1.176721099999999964e+01 -2.267860999999999905e+00 -6.476263004891327224e-01 -3.251778999999999975e+00
1.199825799999999987e+01 -2.268013999999999974e+00 -6.478150098488903996e-01 -3.252219000000000193e+00
1.223207299999999975e+01 -2.267951000000000050e+00 -6.482502853968767909e-01 -3.252816000000000152e+00
1.246751399999999954e+01 -2.267825000000000202e+00 -6.481225922828447450e-01 -3.252495999999999832e+00
1.270929899999999968e+01 -2.267735000000000056e+00 -6.481013978587631952e-01 -3.252374000000000098e+00
1.295163900000000012e+01 -2.267542000000000169e+00 -6.482050004162304147e-01 -3.252339000000000091e+00
1.319301399999999980e+01 -2.267676999999999943e+00 -6.478196831535790734e-01 -3.251888000000000112e+00
1.343604200000000048e+01 -2.267980000000000107e+00 -6.478479862664831002e-01 -3.252234000000000069e+00
1.368711899999999915e+01 -2.268000999999999934e+00 -6.480973169448095428e-01 -3.252634000000000025e+00
1.393736099999999922e+01 -2.267913000000000068e+00 -6.479945700628487737e-01 -3.252390000000000114e+00
1.418792900000000046e+01 -2.268062000000000022e+00 -6.478903092934535923e-01 -3.252381000000000189e+00
1.443994099999999925e+01 -2.268445999999999962e+00 -6.483627079941791660e-01 -3.253483000000000125e+00
1.469400800000000018e+01 -2.268564000000000025e+00 -6.480011521821287257e-01 -3.253051000000000137e+00
1.495181099999999930e+01 -2.268944999999999990e+00 -6.481876894425239177e-01 -3.253715999999999831e+00
1.520721999999999952e+01 -2.269169000000000214e+00 -6.479319741084959006e-01 -3.253550999999999860e+00
1.546252999999999922e+01 -2.269187000000000065e+00 -6.479635682810399588e-01 -3.253617000000000203e+00
1.571470099999999981e+01 -2.269338999999999995e+00 -6.480397892223023204e-01 -3.253884000000000221e+00
1.597971800000000009e+01 -2.269470000000000098e+00 -6.473227989691319184e-01 -3.252925999999999984e+00
1.623611800000000116e+01 -2.269560999999999940e+00 -6.477148958146415891e-01 -3.253613000000000088e+00
1.650146399999999858e+01 -2.269493999999999900e+00 -6.477272701988879833e-01 -3.253565000000000040e+00
1.676310799999999901e+01 -2.269470000000000098e+00 -6.475525807531966604e-01 -3.253276000000000057e+00
1.701894100000000165e+01 -2.269308999999999799e+00 -6.483945654514943202e-01 -3.254394000000000009e+00
1.727402599999999921e+01 -2.269225000000000048e+00 -6.484598600747518704e-01 -3.254408999999999885e+00
1.753424100000000152e+01 -2.269428000000000001e+00 -6.480763199843063704e-01 -3.254030000000000200e+00
1.779131399999999985e+01 -2.269649999999999945e+00 -6.476580263040623286e-01 -3.253616000000000064e+00
1.805137699999999867e+01 -2.269572000000000145e+00 -6.481858464491255800e-01 -3.254340000000000011e+00
1.830659299999999945e+01 -2.269756999999999802e+00 -6.483826518155975105e-01 -3.254824000000000161e+00
1.856937500000000085e+01 -2.269808999999999966e+00 -6.480018762152495171e-01 -3.254297000000000217e+00
1.883114899999999992e+01 -2.269918999999999798e+00 -6.480491358316798900e-01 -3.254478999999999900e+00
1.910502200000000173e+01 -2.270038000000000000e+00 -6.477891421201199540e-01 -3.254202999999999957e+00
1.937211800000000039e+01 -2.269972000000000101e+00 -6.481081116204288062e-01 -3.254621000000000208e+00
1.964983300000000099e+01 -2.269716999999999985e+00 -6.476559858470855024e-01 -3.253680000000000128e+00
1.992559999999999931e+01 -2.269661999999999846e+00 -6.480720416067743406e-01 -3.254256999999999955e+00
2.020380499999999913e+01 -2.269788000000000139e+00 -6.474897215140728024e-01 -3.253498000000000001e+00
2.048157799999999895e+01 -2.269703999999999944e+00 -6.474768205602839943e-01 -3.253394999999999815e+00
2.074760500000000008e+01 -2.269404000000000199e+00 -6.476687551584887625e-01 -3.253385999999999889e+00
2.102496500000000168e+01 -2.269452999999999943e+00 -6.482908312516415528e-01 -3.254379999999999828e+00
2.130388800000000060e+01 -2.269461000000000173e+00 -6.481087040111639386e-01 -3.254112000000000116e+00
2.158657799999999938e+01 -2.269197000000000131e+00 -6.477244398875975362e-01 -3.253264000000000156e+00
2.186773700000000176e+01 -2.269378000000000117e+00 -6.477603124376735133e-01 -3.253499000000000141e+00
2.214105999999999952e+01 -2.269286000000000136e+00 -6.481402981837079968e-01 -3.253985000000000127e+00
2.242464800000000125e+01 -2.269197999999999826e+00 -6.480755959511855790e-01 -3.253798000000000190e+00
2.269719500000000068e+01 -2.269623999999999864e+00 -6.478134959614559873e-01 -3.253826000000000107e+00
2.297435600000000022e+01 -2.269635000000000069e+00 -6.479524444994567700e-01 -3.254048000000000052e+00
2.325421899999999908e+01 -2.269433999999999951e+00 -6.482281694760959612e-01 -3.254265999999999881e+00
2.353246599999999944e+01 -2.269321000000000144e+00 -6.483534272059943149e-01 -3.254342999999999986e+00
2.381196999999999875e+01 -2.269209000000000032e+00 -6.480344577056855737e-01 -3.253746000000000027e+00
2.409348599999999863e+01 -2.269290999999999947e+00 -6.480811249313807032e-01 -3.253899000000000097e+00
2.438558899999999952e+01 -2.269213999999999842e+00 -6.480486092621374761e-01 -3.253772999999999804e+00
2.467333700000000007e+01 -2.269623999999999864e+00 -6.475838458197767933e-01 -3.253477000000000174e+00
2.495900999999999925e+01 -2.269903999999999922e+00 -6.475201967263390923e-01 -3.253661000000000136e+00
2.524190899999999971e+01 -2.269813000000000081e+00 -6.477397104043270959e-01 -3.253903000000000212e+00
2.553374300000000119e+01 -2.269807000000000130e+00 -6.482050662374231331e-01 -3.254604000000000052e+00
2.582103199999999887e+01 -2.269795999999999925e+00 -6.482110559659679527e-01 -3.254602000000000217e+00
2.611820600000000070e+01 -2.269966000000000150e+00 -6.478129693919135734e-01 -3.254166999999999810e+00
2.640451499999999996e+01 -2.269918000000000102e+00 -6.478864916642711469e-01 -3.254230999999999874e+00
2.670166100000000142e+01 -2.269703999999999944e+00 -6.479510622544080167e-01 -3.254115000000000091e+00
2.699836499999999972e+01 -2.269607999999999848e+00 -6.482527207810102610e-01 -3.254477000000000064e+00
2.730638799999999833e+01 -2.269944000000000184e+00 -6.475051236731880211e-01 -3.253677000000000152e+00
2.761149500000000145e+01 -2.270049000000000206e+00 -6.475476441637367797e-01 -3.253846999999999934e+00
2.791596600000000095e+01 -2.269969999999999821e+00 -6.478546342069559927e-01 -3.254234999999999989e+00
2.820557200000000009e+01 -2.270004000000000133e+00 -6.478791855118704035e-01 -3.254306000000000143e+00
2.849847400000000164e+01 -2.269881999999999955e+00 -6.480191871889559030e-01 -3.254395999999999844e+00
2.879600699999999946e+01 -2.269476000000000049e+00 -6.477184501590527166e-01 -3.253533000000000008e+00
2.910143000000000058e+01 -2.269538999999999973e+00 -6.479824589633735865e-01 -3.253997000000000028e+00
2.940698700000000088e+01 -2.269165000000000099e+00 -6.479404650423671308e-01 -3.253559999999999786e+00
2.970691400000000115e+01 -2.269127000000000116e+00 -6.479498774729375299e-01 -3.253535999999999984e+00
