      0.000490   -1.331637e+00
      0.000980   -1.331636e+00
      0.001425   -1.331636e+00
      0.001838   -1.331634e+00
      0.002373   -1.331634e+00
      0.002950   -1.331633e+00
      0.003609   -1.331633e+00
      0.004329   -1.331634e+00
      0.005092   -1.331634e+00
      0.005899   -1.331634e+00
      0.006850   -1.331635e+00
      0.007869   -1.331636e+00
      0.009155   -1.331638e+00
      0.010713   -1.331641e+00
      0.012692   -1.331645e+00
      0.015024   -1.331652e+00
      0.017377   -1.331660e+00
      0.019855   -1.331670e+00
      0.022692   -1.331683e+00
      0.025944   -1.331700e+00
      0.029669   -1.331722e+00
      0.034158   -1.331754e+00
      0.039440   -1.331799e+00
      0.045784   -1.331862e+00
      0.052191   -1.331936e+00
      0.059551   -1.332034e+00
      0.067244   -1.332151e+00
      0.076098   -1.332304e+00
      0.085684   -1.332492e+00
      0.095751   -1.332712e+00
      0.105352   -1.332943e+00
      0.116027   -1.333225e+00
      0.126821   -1.333534e+00
      0.137885   -1.333876e+00
      0.149298   -1.334255e+00
      0.161062   -1.334672e+00
      0.172621   -1.335108e+00
      0.185622   -1.335628e+00
      0.199472   -1.336215e+00
      0.213746   -1.336854e+00
      0.228746   -1.337560e+00
      0.243746   -1.338298e+00
      0.258746   -1.339068e+00
      0.273746   -1.339866e+00
      0.288746   -1.340692e+00
      0.303746   -1.341543e+00
      0.318746   -1.342418e+00
      0.333746   -1.343316e+00
      0.348746   -1.344235e+00
      0.363746   -1.345173e+00
      0.378746   -1.346129e+00
      0.393746   -1.347102e+00
      0.408746   -1.348091e+00
      0.423746   -1.349094e+00
      0.438746   -1.350111e+00
      0.453746   -1.351140e+00
      0.468746   -1.352180e+00
      0.483746   -1.353231e+00
      0.498746   -1.354293e+00
      0.513746   -1.355363e+00
      0.528746   -1.356444e+00
      0.543746   -1.357532e+00
      0.558746   -1.358629e+00
      0.573746   -1.359733e+00
      0.588746   -1.360844e+00
      0.603746   -1.361961e+00
      0.618746   -1.363085e+00
      0.633746   -1.364214e+00
      0.648746   -1.365348e+00
      0.663746   -1.366487e+00
      0.678746   -1.367630e+00
      0.693746   -1.368776e+00
      0.708746   -1.369926e+00
      0.723746   -1.371079e+00
      0.738746   -1.372234e+00
      0.753746   -1.373392e+00
      0.768746   -1.374552e+00
      0.783746   -1.375714e+00
      0.798746   -1.376877e+00
      0.813746   -1.378042e+00
      0.828746   -1.379208e+00
      0.843746   -1.380375e+00
      0.858746   -1.381543e+00
      0.873746   -1.382712e+00
      0.888746   -1.383881e+00
      0.903746   -1.385051e+00
      0.918746   -1.386221e+00
      0.933746   -1.387391e+00
      0.948746   -1.388560e+00
      0.963746   -1.389730e+00
      0.978746   -1.390898e+00
      0.993746   -1.392067e+00
      1.008746   -1.393234e+00
      1.023746   -1.394400e+00
      1.038746   -1.395566e+00
      1.053746   -1.396730e+00
      1.068746   -1.397893e+00
      1.083746   -1.399054e+00
      1.098746   -1.400214e+00
      1.113746   -1.401372e+00
      1.128746   -1.402528e+00
      1.143746   -1.403683e+00
      1.158746   -1.404835e+00
      1.173746   -1.405985e+00
      1.188746   -1.407133e+00
      1.203746   -1.408278e+00
      1.218746   -1.409422e+00
      1.233746   -1.410562e+00
      1.248746   -1.411700e+00
      1.263746   -1.412836e+00
      1.278746   -1.413968e+00
      1.293746   -1.415098e+00
      1.308746   -1.416225e+00
      1.323746   -1.417349e+00
      1.338746   -1.418470e+00
      1.353746   -1.419588e+00
      1.368746   -1.420704e+00
      1.383746   -1.421816e+00
      1.398746   -1.422924e+00
      1.413746   -1.424030e+00
      1.428746   -1.425132e+00
      1.443746   -1.426231e+00
      1.458746   -1.427326e+00
      1.473746   -1.428418e+00
      1.488746   -1.429506e+00
      1.503746   -1.430590e+00
      1.518746   -1.431670e+00
      1.533746   -1.432747e+00
      1.548746   -1.433819e+00
      1.563746   -1.434887e+00
      1.578746   -1.435951e+00
      1.593746   -1.437011e+00
      1.608746   -1.438066e+00
      1.623746   -1.439117e+00
      1.638746   -1.440163e+00
      1.653746   -1.441205e+00
      1.668746   -1.442242e+00
      1.683746   -1.443274e+00
      1.698746   -1.444302e+00
      1.713746   -1.445324e+00
      1.728746   -1.446342e+00
      1.743746   -1.447355e+00
      1.758746   -1.448362e+00
      1.773746   -1.449365e+00
      1.788746   -1.450362e+00
      1.803746   -1.451355e+00
      1.818746   -1.452341e+00
      1.833746   -1.453323e+00
      1.848746   -1.454299e+00
      1.863746   -1.455270e+00
      1.878746   -1.456236e+00
      1.893746   -1.457196e+00
      1.908746   -1.458150e+00
      1.923746   -1.459099e+00
      1.938746   -1.460043e+00
      1.953746   -1.460981e+00
      1.968746   -1.461913e+00
      1.983746   -1.462839e+00
      1.998746   -1.463759e+00
      2.013746   -1.464675e+00
      2.028746   -1.465583e+00
      2.043746   -1.466487e+00
      2.058746   -1.467384e+00
      2.073746   -1.468276e+00
      2.088746   -1.469161e+00
      2.103746   -1.470041e+00
      2.118746   -1.470914e+00
      2.133746   -1.471782e+00
      2.148746   -1.472644e+00
      2.163746   -1.473500e+00
      2.178746   -1.474350e+00
      2.193746   -1.475194e+00
      2.208746   -1.476032e+00
      2.223746   -1.476864e+00
      2.238746   -1.477690e+00
      2.253746   -1.478509e+00
      2.268746   -1.479323e+00
      2.283746   -1.480131e+00
      2.298746   -1.480933e+00
      2.313746   -1.481728e+00
      2.334500   -1.482820e+00
      2.358139   -1.484048e+00
      2.388139   -1.485586e+00
      2.403331   -1.486355e+00
      2.414722   -1.486928e+00
      2.425532   -1.487468e+00
      2.438364   -1.488106e+00
      2.450372   -1.488699e+00
      2.464383   -1.489385e+00
      2.478840   -1.490088e+00
      2.491949   -1.490721e+00
      2.505645   -1.491377e+00
      2.518369   -1.491982e+00
      2.531394   -1.492597e+00
      2.543299   -1.493155e+00
      2.553592   -1.493635e+00
      2.563886   -1.494112e+00
      2.575748   -1.494658e+00
      2.585772   -1.495117e+00
      2.595796   -1.495573e+00
      2.605292   -1.496003e+00
      2.615419   -1.496459e+00
      2.625575   -1.496914e+00
      2.636722   -1.497409e+00
      2.647869   -1.497902e+00
      2.659179   -1.498399e+00
      2.669448   -1.498847e+00
      2.680486   -1.499326e+00
      2.690548   -1.499759e+00
      2.700754   -1.500197e+00
      2.710961   -1.500632e+00
      2.722182   -1.501107e+00
      2.732677   -1.501548e+00
      2.744621   -1.502047e+00
      2.756855   -1.502555e+00
      2.767238   -1.502982e+00
      2.777620   -1.503408e+00
      2.787028   -1.503791e+00
      2.796437   -1.504172e+00
      2.804490   -1.504496e+00
      2.812543   -1.504819e+00
      2.820942   -1.505153e+00
      2.829598   -1.505497e+00
      2.839739   -1.505897e+00
      2.850585   -1.506322e+00
      2.861027   -1.506729e+00
      2.875977   -1.507306e+00
      2.890344   -1.507856e+00
      2.904711   -1.508402e+00
      2.919163   -1.508945e+00
      2.935757   -1.509563e+00
      2.950412   -1.510104e+00
      2.962883   -1.510560e+00
      2.975353   -1.511013e+00
      2.986785   -1.511425e+00
      2.997358   -1.511804e+00
      3.009194   -1.512224e+00
      3.021029   -1.512642e+00
      3.039798   -1.513298e+00
      3.058484   -1.513943e+00
      3.075479   -1.514523e+00
      3.094444   -1.515164e+00
      3.115420   -1.515863e+00
      3.128189   -1.516284e+00
      3.140958   -1.516702e+00
      3.154135   -1.517130e+00
      3.167311   -1.517554e+00
      3.179309   -1.517937e+00
      3.191306   -1.518317e+00
      3.212011   -1.518967e+00
      3.232716   -1.519608e+00
      3.251519   -1.520184e+00
      3.270321   -1.520752e+00
      3.292307   -1.521409e+00
      3.318096   -1.522167e+00
      3.332730   -1.522593e+00
      3.346832   -1.522999e+00
      3.362116   -1.523435e+00
      3.375653   -1.523818e+00
      3.389190   -1.524198e+00
      3.405509   -1.524652e+00
      3.422505   -1.525120e+00
      3.438748   -1.525563e+00
      3.454483   -1.525988e+00
      3.479467   -1.526655e+00
      3.495884   -1.527088e+00
      3.512301   -1.527517e+00
      3.528274   -1.527930e+00
      3.544247   -1.528340e+00
      3.563680   -1.528833e+00
      3.589014   -1.529468e+00
      3.614348   -1.530094e+00
      3.638165   -1.530675e+00
      3.668165   -1.531396e+00
      3.698165   -1.532105e+00
      3.728165   -1.532802e+00
      3.758165   -1.533489e+00
      3.786558   -1.534130e+00
      3.812276   -1.534703e+00
      3.836910   -1.535244e+00
      3.858380   -1.535711e+00
      3.879055   -1.536156e+00
      3.894342   -1.536483e+00
      3.908598   -1.536785e+00
      3.923269   -1.537094e+00
      3.937573   -1.537393e+00
      3.950562   -1.537663e+00
      3.964132   -1.537944e+00
      3.985635   -1.538385e+00
      4.011140   -1.538904e+00
      4.034198   -1.539367e+00
      4.052403   -1.539731e+00
      4.070607   -1.540091e+00
      4.089595   -1.540464e+00
      4.107739   -1.540819e+00
      4.124254   -1.541139e+00
      4.140120   -1.541445e+00
      4.157910   -1.541786e+00
      4.173091   -1.542075e+00
      4.188272   -1.542363e+00
      4.203773   -1.542655e+00
      4.219991   -1.542959e+00
      4.235785   -1.543253e+00
      4.254176   -1.543594e+00
      4.278978   -1.544051e+00
      4.307135   -1.544565e+00
      4.337135   -1.545107e+00
      4.367135   -1.545646e+00
      4.397135   -1.546179e+00
      4.427135   -1.546708e+00
      4.452088   -1.547145e+00
      4.474670   -1.547538e+00
      4.494552   -1.547882e+00
      4.512450   -1.548191e+00
      4.535713   -1.548589e+00
      4.561163   -1.549023e+00
      4.587929   -1.549476e+00
      4.609589   -1.549841e+00
      4.627261   -1.550138e+00
      4.644234   -1.550421e+00
      4.657424   -1.550641e+00
      4.670613   -1.550860e+00
      4.685800   -1.551111e+00
      4.701388   -1.551368e+00
      4.713991   -1.551576e+00
      4.725583   -1.551766e+00
      4.741220   -1.552022e+00
      4.756713   -1.552275e+00
      4.771543   -1.552516e+00
      4.789965   -1.552814e+00
      4.805452   -1.553064e+00
      4.820940   -1.553314e+00
      4.834075   -1.553525e+00
      4.847210   -1.553736e+00
      4.859104   -1.553926e+00
      4.872583   -1.554141e+00
      4.886061   -1.554355e+00
      4.901127   -1.554594e+00
      4.916806   -1.554842e+00
      4.931231   -1.555070e+00
      4.945474   -1.555294e+00
      4.959776   -1.555518e+00
      4.972825   -1.555722e+00
      4.985116   -1.555914e+00
      5.004891   -1.556222e+00
      5.027865   -1.556578e+00
      5.050157   -1.556923e+00
      5.070594   -1.557237e+00
      5.092855   -1.557578e+00
      5.109770   -1.557836e+00
      5.126686   -1.558093e+00
      5.139958   -1.558295e+00
      5.152373   -1.558483e+00
      5.168076   -1.558719e+00
      5.187428   -1.559010e+00
      5.205439   -1.559280e+00
      5.224134   -1.559559e+00
      5.253120   -1.559990e+00
      5.283120   -1.560433e+00
      5.311055   -1.560844e+00
      5.336490   -1.561215e+00
      5.359981   -1.561557e+00
      5.381201   -1.561864e+00
      5.398768   -1.562117e+00
      5.415710   -1.562361e+00
      5.435548   -1.562645e+00
      5.456013   -1.562936e+00
      5.475390   -1.563211e+00
      5.500563   -1.563567e+00
      5.519275   -1.563830e+00
      5.536254   -1.564068e+00
      5.555755   -1.564340e+00
      5.573335   -1.564584e+00
      5.589216   -1.564804e+00
      5.605430   -1.565028e+00
      5.620183   -1.565231e+00
      5.634806   -1.565431e+00
      5.653595   -1.565687e+00
      5.672726   -1.565947e+00
      5.702726   -1.566353e+00
      5.729859   -1.566717e+00
      5.751960   -1.567012e+00
      5.774062   -1.567305e+00
      5.804062   -1.567701e+00
      5.834062   -1.568094e+00
      5.854722   -1.568363e+00
      5.875382   -1.568630e+00
      5.895084   -1.568884e+00
      5.921214   -1.569218e+00
      5.946393   -1.569538e+00
      5.969663   -1.569831e+00
      5.989451   -1.570079e+00
      6.009240   -1.570326e+00
      6.027355   -1.570550e+00
      6.045938   -1.570779e+00
      6.065022   -1.571012e+00
      6.081832   -1.571217e+00
      6.098642   -1.571420e+00
      6.119582   -1.571672e+00
      6.141155   -1.571930e+00
      6.161244   -1.572168e+00
      6.182403   -1.572417e+00
      6.201289   -1.572638e+00
      6.218880   -1.572843e+00
      6.238482   -1.573068e+00
      6.256895   -1.573279e+00
      6.283279   -1.573579e+00
      6.307365   -1.573849e+00
      6.330405   -1.574105e+00
      6.351944   -1.574343e+00
      6.368308   -1.574522e+00
      6.384672   -1.574700e+00
      6.400777   -1.574873e+00
      6.415779   -1.575034e+00
      6.430174   -1.575188e+00
      6.445015   -1.575344e+00
      6.459700   -1.575499e+00
      6.474191   -1.575650e+00
      6.490192   -1.575816e+00
      6.513454   -1.576055e+00
      6.535336   -1.576277e+00
      6.549713   -1.576422e+00
      6.563614   -1.576560e+00
      6.580294   -1.576726e+00
      6.595067   -1.576871e+00
      6.609356   -1.577011e+00
      6.623497   -1.577148e+00
      6.637797   -1.577286e+00
      6.653004   -1.577432e+00
      6.679973   -1.577686e+00
      6.709920   -1.577965e+00
      6.736950   -1.578213e+00
      6.766468   -1.578480e+00
      6.793483   -1.578720e+00
      6.820906   -1.578960e+00
      6.842982   -1.579150e+00
      6.863585   -1.579325e+00
      6.884111   -1.579498e+00
      6.904637   -1.579669e+00
      6.926190   -1.579845e+00
      6.956190   -1.580087e+00
      6.979677   -1.580273e+00
      7.003163   -1.580457e+00
      7.021662   -1.580599e+00
      7.039118   -1.580732e+00
      7.057067   -1.580866e+00
      7.073252   -1.580987e+00
      7.089437   -1.581105e+00
      7.111193   -1.581263e+00
      7.130652   -1.581402e+00
      7.150111   -1.581539e+00
      7.180111   -1.581747e+00
      7.195859   -1.581854e+00
      7.211606   -1.581959e+00
      7.229345   -1.582077e+00
      7.259345   -1.582272e+00
      7.288869   -1.582461e+00
      7.306460   -1.582571e+00
      7.324050   -1.582679e+00
      7.354050   -1.582861e+00
      7.382165   -1.583027e+00
      7.397485   -1.583116e+00
      7.412805   -1.583204e+00
      7.438241   -1.583347e+00
      7.462493   -1.583481e+00
      7.480184   -1.583577e+00
      7.497875   -1.583672e+00
      7.515000   -1.583762e+00
      7.532566   -1.583853e+00
      7.562566   -1.584006e+00
      7.585787   -1.584121e+00
      7.609009   -1.584234e+00
      7.638592   -1.584375e+00
      7.668592   -1.584515e+00
      7.698592   -1.584650e+00
      7.728592   -1.584782e+00
      7.755804   -1.584899e+00
      7.785285   -1.585023e+00
      7.815285   -1.585146e+00
      7.845285   -1.585265e+00
      7.871125   -1.585366e+00
      7.896162   -1.585461e+00
      7.919158   -1.585547e+00
      7.941281   -1.585629e+00
      7.959069   -1.585693e+00
      7.976856   -1.585756e+00
      7.995073   -1.585820e+00
      8.015074   -1.585889e+00
      8.037469   -1.585965e+00
      8.059864   -1.586040e+00
      8.080866   -1.586109e+00
      8.100984   -1.586174e+00
      8.135742   -1.586285e+00
      8.172975   -1.586400e+00
      8.212975   -1.586521e+00
      8.252975   -1.586638e+00
      8.292975   -1.586753e+00
      8.332975   -1.586866e+00
      8.372975   -1.586976e+00
      8.412975   -1.587083e+00
      8.452975   -1.587189e+00
      8.492975   -1.587293e+00
      8.532975   -1.587396e+00
      8.572975   -1.587497e+00
      8.612975   -1.587597e+00
      8.650164   -1.587689e+00
      8.690164   -1.587787e+00
      8.730164   -1.587884e+00
      8.770164   -1.587981e+00
      8.810164   -1.588077e+00
      8.850164   -1.588173e+00
      8.890164   -1.588269e+00
      8.930164   -1.588365e+00
      8.970164   -1.588461e+00
      9.010070   -1.588556e+00
      9.050070   -1.588653e+00
      9.090070   -1.588749e+00
      9.130070   -1.588846e+00
      9.170070   -1.588944e+00
      9.210070   -1.589042e+00
      9.250070   -1.589140e+00
      9.290070   -1.589240e+00
      9.330070   -1.589340e+00
      9.370070   -1.589441e+00
      9.410070   -1.589542e+00
      9.450070   -1.589644e+00
      9.490070   -1.589748e+00
      9.530070   -1.589851e+00
      9.570070   -1.589956e+00
      9.610070   -1.590061e+00
      9.650070   -1.590166e+00
      9.689742   -1.590271e+00
      9.724602   -1.590365e+00
      9.759461   -1.590458e+00
      9.795644   -1.590554e+00
      9.835644   -1.590662e+00
      9.875644   -1.590770e+00
      9.911235   -1.590865e+00
      9.946825   -1.590961e+00
      9.985135   -1.591064e+00
      10.022865   -1.591165e+00
      10.062715   -1.591272e+00
      10.102715   -1.591378e+00
      10.142715   -1.591484e+00
      10.179626   -1.591581e+00
      10.219626   -1.591686e+00
      10.259626   -1.591790e+00
      10.299626   -1.591893e+00
      10.339626   -1.591995e+00
      10.379626   -1.592097e+00
      10.419626   -1.592197e+00
      10.459626   -1.592296e+00
      10.499626   -1.592394e+00
      10.539626   -1.592491e+00
      10.579626   -1.592587e+00
      10.618571   -1.592679e+00
      10.658571   -1.592772e+00
      10.698571   -1.592864e+00
      10.738571   -1.592955e+00
      10.778571   -1.593044e+00
      10.818571   -1.593131e+00
      10.858571   -1.593218e+00
      10.898571   -1.593303e+00
      10.938571   -1.593386e+00
      10.978571   -1.593468e+00
      11.018571   -1.593548e+00
      11.058571   -1.593627e+00
      11.098571   -1.593704e+00
      11.138571   -1.593780e+00
      11.178571   -1.593854e+00
      11.218571   -1.593927e+00
      11.258571   -1.593998e+00
      11.298571   -1.594068e+00
      11.338571   -1.594136e+00
      11.378571   -1.594203e+00
      11.418571   -1.594268e+00
      11.458571   -1.594332e+00
      11.498571   -1.594394e+00
      11.538571   -1.594454e+00
      11.578571   -1.594514e+00
      11.618571   -1.594572e+00
      11.658571   -1.594628e+00
      11.698571   -1.594683e+00
      11.738571   -1.594737e+00
      11.778571   -1.594790e+00
      11.818571   -1.594841e+00
      11.858571   -1.594892e+00
      11.898571   -1.594941e+00
      11.938571   -1.594989e+00
      11.978571   -1.595036e+00
      12.018571   -1.595082e+00
      12.058571   -1.595127e+00
      12.098571   -1.595171e+00
      12.138571   -1.595214e+00
      12.178571   -1.595256e+00
      12.218571   -1.595297e+00
      12.258571   -1.595338e+00
      12.298571   -1.595377e+00
      12.338571   -1.595416e+00
      12.378571   -1.595454e+00
      12.418571   -1.595492e+00
      12.458571   -1.595529e+00
      12.498571   -1.595565e+00
      12.538571   -1.595601e+00
      12.578571   -1.595636e+00
      12.618571   -1.595670e+00
      12.658571   -1.595704e+00
      12.698571   -1.595737e+00
      12.738147   -1.595769e+00
      12.778147   -1.595801e+00
      12.818147   -1.595833e+00
      12.858147   -1.595864e+00
      12.898147   -1.595895e+00
      12.937120   -1.595924e+00
      12.977120   -1.595953e+00
      13.017120   -1.595982e+00
      13.057120   -1.596011e+00
      13.097120   -1.596038e+00
      13.137120   -1.596066e+00
      13.177120   -1.596093e+00
      13.217120   -1.596119e+00
      13.257120   -1.596145e+00
      13.297120   -1.596170e+00
      13.337120   -1.596195e+00
      13.377120   -1.596219e+00
      13.417120   -1.596243e+00
      13.457120   -1.596266e+00
      13.497120   -1.596288e+00
      13.537120   -1.596310e+00
      13.577120   -1.596331e+00
      13.617120   -1.596352e+00
      13.657120   -1.596372e+00
      13.697120   -1.596391e+00
      13.737120   -1.596410e+00
      13.777120   -1.596428e+00
      13.817120   -1.596445e+00
      13.857120   -1.596462e+00
      13.897120   -1.596478e+00
      13.937120   -1.596494e+00
      13.977120   -1.596509e+00
      14.017120   -1.596523e+00
      14.057120   -1.596537e+00
      14.097120   -1.596550e+00
      14.137120   -1.596563e+00
      14.177120   -1.596575e+00
      14.217120   -1.596587e+00
      14.257120   -1.596598e+00
      14.297120   -1.596609e+00
      14.337120   -1.596619e+00
      14.377120   -1.596629e+00
      14.417120   -1.596638e+00
      14.457120   -1.596647e+00
      14.497120   -1.596656e+00
      14.537120   -1.596664e+00
      14.577120   -1.596672e+00
      14.617120   -1.596680e+00
      14.657120   -1.596688e+00
      14.697120   -1.596695e+00
      14.737120   -1.596703e+00
      14.777120   -1.596710e+00
      14.817120   -1.596717e+00
      14.857120   -1.596723e+00
      14.897120   -1.596730e+00
      14.937120   -1.596737e+00
      14.977120   -1.596744e+00
      15.017120   -1.596751e+00
      15.057120   -1.596757e+00
      15.097120   -1.596764e+00
      15.137120   -1.596771e+00
      15.177120   -1.596778e+00
      15.217120   -1.596785e+00
      15.257120   -1.596792e+00
      15.297120   -1.596799e+00
      15.337120   -1.596807e+00
      15.377120   -1.596814e+00
      15.417120   -1.596822e+00
      15.457120   -1.596830e+00
      15.497120   -1.596838e+00
      15.537120   -1.596846e+00
      15.577120   -1.596854e+00
      15.617120   -1.596862e+00
      15.657120   -1.596871e+00
      15.697120   -1.596880e+00
      15.737120   -1.596889e+00
      15.777120   -1.596898e+00
      15.817120   -1.596907e+00
      15.857120   -1.596916e+00
      15.897120   -1.596926e+00
      15.937120   -1.596935e+00
      15.977120   -1.596945e+00
      16.017120   -1.596955e+00
      16.057120   -1.596964e+00
      16.097120   -1.596974e+00
      16.137120   -1.596984e+00
      16.177120   -1.596994e+00
      16.217120   -1.597004e+00
      16.257120   -1.597013e+00
      16.297120   -1.597023e+00
      16.337120   -1.597033e+00
      16.377120   -1.597042e+00
      16.417120   -1.597052e+00
      16.457120   -1.597061e+00
      16.497120   -1.597070e+00
      16.537120   -1.597079e+00
      16.577120   -1.597087e+00
      16.617120   -1.597096e+00
      16.657120   -1.597104e+00
      16.697120   -1.597112e+00
      16.737120   -1.597120e+00
      16.777120   -1.597127e+00
      16.817120   -1.597135e+00
      16.857120   -1.597141e+00
      16.897120   -1.597148e+00
      16.937120   -1.597154e+00
      16.977120   -1.597160e+00
      17.017120   -1.597165e+00
      17.057120   -1.597170e+00
      17.097120   -1.597175e+00
      17.137120   -1.597180e+00
      17.177120   -1.597184e+00
      17.217120   -1.597188e+00
      17.257120   -1.597191e+00
      17.297120   -1.597194e+00
      17.337120   -1.597197e+00
      17.377120   -1.597199e+00
      17.417120   -1.597202e+00
      17.457120   -1.597203e+00
      17.497120   -1.597205e+00
      17.537120   -1.597206e+00
      17.577120   -1.597207e+00
      17.617120   -1.597207e+00
      17.657120   -1.597207e+00
      17.697120   -1.597207e+00
      17.737120   -1.597207e+00
      17.777120   -1.597206e+00
      17.817120   -1.597205e+00
      17.857120   -1.597203e+00
      17.897120   -1.597202e+00
      17.937120   -1.597200e+00
      17.977120   -1.597197e+00
      18.017120   -1.597194e+00
      18.057120   -1.597191e+00
      18.097120   -1.597188e+00
      18.137120   -1.597184e+00
      18.177120   -1.597180e+00
      18.217120   -1.597175e+00
      18.257120   -1.597170e+00
      18.297120   -1.597165e+00
      18.333901   -1.597160e+00
      18.373901   -1.597155e+00
      18.413901   -1.597148e+00
      18.453901   -1.597142e+00
      18.493901   -1.597135e+00
      18.533901   -1.597128e+00
      18.573901   -1.597120e+00
      18.613901   -1.597112e+00
      18.653901   -1.597104e+00
      18.693901   -1.597096e+00
      18.733901   -1.597087e+00
      18.773901   -1.597078e+00
      18.813901   -1.597069e+00
      18.853901   -1.597059e+00
      18.893901   -1.597050e+00
      18.933901   -1.597040e+00
      18.973901   -1.597029e+00
      19.013901   -1.597019e+00
      19.053901   -1.597009e+00
      19.093901   -1.596998e+00
      19.133901   -1.596988e+00
      19.173901   -1.596977e+00
      19.213901   -1.596966e+00
      19.253901   -1.596955e+00
      19.293901   -1.596945e+00
      19.333901   -1.596934e+00
      19.373901   -1.596923e+00
      19.413901   -1.596913e+00
      19.453901   -1.596903e+00
      19.493901   -1.596892e+00
      19.533901   -1.596882e+00
      19.573901   -1.596872e+00
      19.613901   -1.596862e+00
      19.653901   -1.596852e+00
      19.693901   -1.596842e+00
      19.733901   -1.596833e+00
      19.773901   -1.596824e+00
      19.813901   -1.596814e+00
      19.853901   -1.596806e+00
      19.893901   -1.596797e+00
      19.933901   -1.596788e+00
      19.973901   -1.596780e+00
      20.013901   -1.596772e+00
      20.053901   -1.596764e+00
      20.093901   -1.596757e+00
      20.133901   -1.596750e+00
      20.173901   -1.596743e+00
      20.213901   -1.596736e+00
      20.253901   -1.596729e+00
      20.293901   -1.596723e+00
      20.333901   -1.596717e+00
      20.373901   -1.596711e+00
      20.413901   -1.596705e+00
      20.453901   -1.596700e+00
      20.493901   -1.596695e+00
      20.533901   -1.596690e+00
      20.583901   -1.596684e+00
      20.633901   -1.596679e+00
      20.683901   -1.596674e+00
      20.733901   -1.596669e+00
      20.783901   -1.596664e+00
      20.833901   -1.596660e+00
      20.883901   -1.596656e+00
      20.933901   -1.596653e+00
      20.983901   -1.596649e+00
      21.033901   -1.596647e+00
      21.083901   -1.596644e+00
      21.133901   -1.596641e+00
      21.183901   -1.596639e+00
      21.233901   -1.596637e+00
      21.283901   -1.596635e+00
      21.333901   -1.596633e+00
      21.383901   -1.596631e+00
      21.433901   -1.596630e+00
      21.483901   -1.596628e+00
      21.533901   -1.596627e+00
      21.583901   -1.596626e+00
      21.633901   -1.596624e+00
      21.683901   -1.596623e+00
      21.733901   -1.596622e+00
      21.783901   -1.596621e+00
      21.833901   -1.596620e+00
      21.883901   -1.596619e+00
      21.933901   -1.596618e+00
      21.983901   -1.596617e+00
      22.033901   -1.596616e+00
      22.083901   -1.596615e+00
      22.133901   -1.596614e+00
      22.183901   -1.596613e+00
      22.233901   -1.596612e+00
      22.283901   -1.596610e+00
      22.333901   -1.596609e+00
      22.383901   -1.596608e+00
      22.433901   -1.596607e+00
      22.483901   -1.596606e+00
      22.533901   -1.596605e+00
      22.583901   -1.596604e+00
      22.633901   -1.596603e+00
      22.683901   -1.596602e+00
      22.733901   -1.596601e+00
      22.783901   -1.596600e+00
      22.833901   -1.596599e+00
      22.883901   -1.596598e+00
      22.933901   -1.596598e+00
      22.983062   -1.596598e+00
      23.033062   -1.596597e+00
      23.083062   -1.596597e+00
      23.133062   -1.596597e+00
      23.183062   -1.596598e+00
      23.233062   -1.596599e+00
      23.283062   -1.596600e+00
      23.333062   -1.596601e+00
      23.383062   -1.596603e+00
      23.433062   -1.596605e+00
      23.483062   -1.596607e+00
      23.533062   -1.596610e+00
      23.583062   -1.596613e+00
      23.633062   -1.596616e+00
      23.683062   -1.596620e+00
      23.733062   -1.596624e+00
      23.783062   -1.596629e+00
      23.833062   -1.596634e+00
      23.883062   -1.596639e+00
      23.933062   -1.596645e+00
      23.983062   -1.596650e+00
      24.033062   -1.596657e+00
      24.083062   -1.596663e+00
      24.133062   -1.596670e+00
      24.183062   -1.596677e+00
      24.233062   -1.596685e+00
      24.283062   -1.596693e+00
      24.333062   -1.596700e+00
      24.383062   -1.596708e+00
      24.433062   -1.596717e+00
      24.483062   -1.596725e+00
      24.533062   -1.596733e+00
      24.583062   -1.596742e+00
      24.633062   -1.596751e+00
      24.683062   -1.596759e+00
      24.733062   -1.596768e+00
      24.783062   -1.596777e+00
      24.833062   -1.596785e+00
      24.883062   -1.596794e+00
      24.933062   -1.596803e+00
      24.983062   -1.596811e+00
      25.033062   -1.596819e+00
      25.083062   -1.596828e+00
      25.133062   -1.596835e+00
      25.183062   -1.596843e+00
      25.233062   -1.596851e+00
      25.283062   -1.596858e+00
      25.333062   -1.596865e+00
      25.383062   -1.596872e+00
      25.433062   -1.596879e+00
      25.483062   -1.596885e+00
      25.533062   -1.596891e+00
      25.583062   -1.596897e+00
      25.633062   -1.596903e+00
      25.683062   -1.596908e+00
      25.733062   -1.596912e+00
      25.783062   -1.596917e+00
      25.833062   -1.596921e+00
      25.883062   -1.596925e+00
      25.933062   -1.596929e+00
      25.983062   -1.596932e+00
      26.033062   -1.596935e+00
      26.083062   -1.596938e+00
      26.133062   -1.596940e+00
      26.183062   -1.596942e+00
      26.233062   -1.596944e+00
      26.283062   -1.596945e+00
      26.333062   -1.596947e+00
      26.383062   -1.596948e+00
      26.433062   -1.596948e+00
      26.483062   -1.596949e+00
      26.533062   -1.596949e+00
      26.583062   -1.596950e+00
      26.633062   -1.596950e+00
      26.683062   -1.596950e+00
      26.733062   -1.596950e+00
      26.783062   -1.596950e+00
      26.833062   -1.596949e+00
      26.883062   -1.596949e+00
      26.933062   -1.596949e+00
      26.983062   -1.596949e+00
      27.033062   -1.596948e+00
      27.083062   -1.596948e+00
      27.133062   -1.596948e+00
      27.183062   -1.596948e+00
      27.233062   -1.596948e+00
      27.283062   -1.596948e+00
      27.333062   -1.596948e+00
      27.383062   -1.596948e+00
      27.433062   -1.596949e+00
      27.483062   -1.596950e+00
      27.533062   -1.596951e+00
      27.583062   -1.596952e+00
      27.633062   -1.596952e+00
      27.683062   -1.596954e+00
      27.733062   -1.596955e+00
      27.783062   -1.596957e+00
      27.833062   -1.596959e+00
      27.883062   -1.596961e+00
      27.933062   -1.596963e+00
      27.983062   -1.596965e+00
      28.033062   -1.596968e+00
      28.083062   -1.596971e+00
      28.133062   -1.596974e+00
      28.183062   -1.596977e+00
      28.233062   -1.596980e+00
      28.283062   -1.596984e+00
      28.333062   -1.596987e+00
      28.383062   -1.596991e+00
      28.433062   -1.596995e+00
      28.483062   -1.597000e+00
      28.533062   -1.597004e+00
      28.583062   -1.597008e+00
      28.633062   -1.597013e+00
      28.683062   -1.597017e+00
      28.733062   -1.597022e+00
      28.783062   -1.597027e+00
      28.833062   -1.597032e+00
      28.883062   -1.597037e+00
      28.933062   -1.597042e+00
      28.983062   -1.597047e+00
      29.033062   -1.597052e+00
      29.083062   -1.597057e+00
      29.133062   -1.597062e+00
      29.183062   -1.597067e+00
      29.233062   -1.597071e+00
      29.283062   -1.597076e+00
      29.333062   -1.597081e+00
      29.383062   -1.597085e+00
      29.433062   -1.597090e+00
      29.483062   -1.597095e+00
      29.533062   -1.597099e+00
      29.583062   -1.597103e+00
      29.633062   -1.597107e+00
      29.683062   -1.597111e+00
      29.733062   -1.597115e+00
      29.783062   -1.597118e+00
      29.833062   -1.597122e+00
      29.883062   -1.597125e+00
      29.933062   -1.597128e+00
      29.983062   -1.597131e+00
      30.000000   -1.597132e+00
