      0.000140   -1.328235e+00
      0.000266   -1.328236e+00
      0.000398   -1.328238e+00
      0.000521   -1.328239e+00
      0.000658   -1.328239e+00
      0.000795   -1.328239e+00
      0.000925   -1.328239e+00
      0.001077   -1.328240e+00
      0.001290   -1.328239e+00
      0.001587   -1.328240e+00
      0.001892   -1.328240e+00
      0.002308   -1.328240e+00
      0.002733   -1.328240e+00
      0.003298   -1.328240e+00
      0.003808   -1.328241e+00
      0.004268   -1.328241e+00
      0.004787   -1.328242e+00
      0.005306   -1.328243e+00
      0.005757   -1.328243e+00
      0.006208   -1.328244e+00
      0.006630   -1.328244e+00
      0.007169   -1.328245e+00
      0.007687   -1.328246e+00
      0.008307   -1.328247e+00
      0.008928   -1.328249e+00
      0.009635   -1.328250e+00
      0.010743   -1.328253e+00
      0.012251   -1.328258e+00
      0.013760   -1.328264e+00
      0.015316   -1.328269e+00
      0.016558   -1.328275e+00
      0.017799   -1.328280e+00
      0.019898   -1.328291e+00
      0.022777   -1.328308e+00
      0.025756   -1.328327e+00
      0.028825   -1.328349e+00
      0.031893   -1.328374e+00
      0.034926   -1.328401e+00
      0.037688   -1.328428e+00
      0.041471   -1.328467e+00
      0.045255   -1.328511e+00
      0.049124   -1.328559e+00
      0.051781   -1.328595e+00
      0.054437   -1.328631e+00
      0.056886   -1.328667e+00
      0.059260   -1.328704e+00
      0.062021   -1.328747e+00
      0.064577   -1.328790e+00
      0.067279   -1.328836e+00
      0.069740   -1.328880e+00
      0.072960   -1.328940e+00
      0.075571   -1.328990e+00
      0.077856   -1.329036e+00
      0.080134   -1.329082e+00
      0.082428   -1.329130e+00
      0.084752   -1.329180e+00
      0.087681   -1.329245e+00
      0.091020   -1.329322e+00
      0.094479   -1.329404e+00
      0.097894   -1.329488e+00
      0.101659   -1.329583e+00
      0.105736   -1.329690e+00
      0.109616   -1.329795e+00
      0.113704   -1.329910e+00
      0.118873   -1.330059e+00
      0.123251   -1.330191e+00
      0.127565   -1.330324e+00
      0.131292   -1.330443e+00
      0.135020   -1.330565e+00
      0.139745   -1.330723e+00
      0.144844   -1.330898e+00
      0.149919   -1.331078e+00
      0.154607   -1.331249e+00
      0.159893   -1.331447e+00
      0.164789   -1.331635e+00
      0.171326   -1.331893e+00
      0.177047   -1.332126e+00
      0.182769   -1.332364e+00
      0.188511   -1.332609e+00
      0.193861   -1.332843e+00
      0.198261   -1.333038e+00
      0.201823   -1.333199e+00
      0.205237   -1.333355e+00
      0.208573   -1.333509e+00
      0.212548   -1.333695e+00
      0.217371   -1.333925e+00
      0.222988   -1.334196e+00
      0.228252   -1.334455e+00
      0.236294   -1.334859e+00
      0.242134   -1.335158e+00
      0.247974   -1.335462e+00
      0.254211   -1.335791e+00
      0.260447   -1.336126e+00
      0.268047   -1.336542e+00
      0.276440   -1.337009e+00
      0.283322   -1.337399e+00
      0.290205   -1.337794e+00
      0.297536   -1.338221e+00
      0.306509   -1.338753e+00
      0.316233   -1.339338e+00
      0.327453   -1.340026e+00
      0.335986   -1.340558e+00
      0.344518   -1.341096e+00
      0.352433   -1.341602e+00
      0.362628   -1.342262e+00
      0.373575   -1.342980e+00
      0.385130   -1.343748e+00
      0.395683   -1.344459e+00
      0.405424   -1.345123e+00
      0.414268   -1.345731e+00
      0.423014   -1.346338e+00
      0.432810   -1.347024e+00
      0.441857   -1.347662e+00
      0.451973   -1.348383e+00
      0.464243   -1.349264e+00
      0.484326   -1.350724e+00
      0.503017   -1.352101e+00
      0.521499   -1.353478e+00
      0.539667   -1.354846e+00
      0.553091   -1.355866e+00
      0.566516   -1.356892e+00
      0.581380   -1.358035e+00
      0.599382   -1.359430e+00
      0.616276   -1.360748e+00
      0.633171   -1.362074e+00
      0.648485   -1.363283e+00
      0.663373   -1.364463e+00
      0.683248   -1.366048e+00
      0.709088   -1.368120e+00
      0.724952   -1.369398e+00
      0.738903   -1.370526e+00
      0.752854   -1.371658e+00
      0.765094   -1.372653e+00
      0.776033   -1.373545e+00
      0.786760   -1.374420e+00
      0.796079   -1.375182e+00
      0.805399   -1.375945e+00
      0.814669   -1.376706e+00
      0.823939   -1.377467e+00
      0.838265   -1.378646e+00
      0.851995   -1.379777e+00
      0.874840   -1.381663e+00
      0.902410   -1.383946e+00
      0.928718   -1.386128e+00
      0.957965   -1.388559e+00
      0.978585   -1.390276e+00
      0.999205   -1.391993e+00
      1.018934   -1.393637e+00
      1.038664   -1.395281e+00
      1.064918   -1.397469e+00
      1.092535   -1.399769e+00
      1.112564   -1.401436e+00
      1.128491   -1.402760e+00
      1.144417   -1.404084e+00
      1.159234   -1.405314e+00
      1.174051   -1.406543e+00
      1.191696   -1.408005e+00
      1.207889   -1.409345e+00
      1.224083   -1.410683e+00
      1.247886   -1.412646e+00
      1.278001   -1.415123e+00
      1.303570   -1.417219e+00
      1.329138   -1.419309e+00
      1.363975   -1.422144e+00
      1.396838   -1.424806e+00
      1.428852   -1.427384e+00
      1.457681   -1.429693e+00
      1.485191   -1.431883e+00
      1.519064   -1.434563e+00
      1.558249   -1.437638e+00
      1.596095   -1.440580e+00
      1.634645   -1.443548e+00
      1.674645   -1.446593e+00
      1.714645   -1.449603e+00
      1.749125   -1.452167e+00
      1.783605   -1.454702e+00
      1.818305   -1.457222e+00
      1.855766   -1.459908e+00
      1.890501   -1.462364e+00
      1.930280   -1.465135e+00
      1.970280   -1.467875e+00
      2.010280   -1.470567e+00
      2.043019   -1.472734e+00
      2.071224   -1.474575e+00
      2.099429   -1.476390e+00
      2.130158   -1.478338e+00
      2.160953   -1.480259e+00
      2.197554   -1.482502e+00
      2.226841   -1.484263e+00
      2.254159   -1.485880e+00
      2.281195   -1.487455e+00
      2.315459   -1.489414e+00
      2.349375   -1.491311e+00
      2.380026   -1.492992e+00
      2.417866   -1.495019e+00
      2.457390   -1.497082e+00
      2.497390   -1.499112e+00
      2.537390   -1.501084e+00
      2.571269   -1.502708e+00
      2.604073   -1.504241e+00
      2.638271   -1.505799e+00
      2.665401   -1.507004e+00
      2.692530   -1.508183e+00
      2.719885   -1.509346e+00
      2.748047   -1.510515e+00
      2.774166   -1.511575e+00
      2.804346   -1.512770e+00
      2.834526   -1.513934e+00
      2.864113   -1.515045e+00
      2.898970   -1.516317e+00
      2.932705   -1.517510e+00
      2.962609   -1.518536e+00
      2.990994   -1.519485e+00
      3.015128   -1.520272e+00
      3.039262   -1.521041e+00
      3.059618   -1.521677e+00
      3.079974   -1.522300e+00
      3.112967   -1.523285e+00
      3.152967   -1.524438e+00
      3.188164   -1.525418e+00
      3.221878   -1.526325e+00
      3.255567   -1.527203e+00
      3.286098   -1.527975e+00
      3.321702   -1.528848e+00
      3.358146   -1.529711e+00
      3.391109   -1.530467e+00
      3.417458   -1.531054e+00
      3.443806   -1.531628e+00
      3.473528   -1.532259e+00
      3.506195   -1.532933e+00
      3.546195   -1.533732e+00
      3.586195   -1.534504e+00
      3.624179   -1.535213e+00
      3.664179   -1.535936e+00
      3.704179   -1.536637e+00
      3.744179   -1.537316e+00
      3.784179   -1.537976e+00
      3.824179   -1.538618e+00
      3.864179   -1.539244e+00
      3.904179   -1.539854e+00
      3.944179   -1.540451e+00
      3.982636   -1.541013e+00
      4.022636   -1.541587e+00
      4.061452   -1.542134e+00
      4.097453   -1.542634e+00
      4.130495   -1.543087e+00
      4.161045   -1.543502e+00
      4.201045   -1.544040e+00
      4.237178   -1.544522e+00
      4.275672   -1.545032e+00
      4.314301   -1.545539e+00
      4.352817   -1.546043e+00
      4.387571   -1.546496e+00
      4.419885   -1.546916e+00
      4.449282   -1.547298e+00
      4.479560   -1.547691e+00
      4.509797   -1.548083e+00
      4.544124   -1.548528e+00
      4.578451   -1.548974e+00
      4.618451   -1.549494e+00
      4.658451   -1.550016e+00
      4.697065   -1.550522e+00
      4.737065   -1.551048e+00
      4.777065   -1.551575e+00
      4.814022   -1.552066e+00
      4.853859   -1.552597e+00
      4.893859   -1.553133e+00
      4.927308   -1.553583e+00
      4.960757   -1.554035e+00
      5.000757   -1.554580e+00
      5.040757   -1.555126e+00
      5.080757   -1.555676e+00
      5.120757   -1.556229e+00
      5.157752   -1.556743e+00
      5.197397   -1.557296e+00
      5.232592   -1.557788e+00
      5.266010   -1.558258e+00
      5.299468   -1.558729e+00
      5.332001   -1.559189e+00
      5.368055   -1.559700e+00
      5.408055   -1.560268e+00
      5.445345   -1.560798e+00
      5.485345   -1.561368e+00
      5.525345   -1.561938e+00
      5.565345   -1.562508e+00
      5.604297   -1.563063e+00
      5.644297   -1.563633e+00
      5.684297   -1.564202e+00
      5.724297   -1.564770e+00
      5.764297   -1.565337e+00
      5.804297   -1.565902e+00
      5.844297   -1.566465e+00
      5.884297   -1.567027e+00
      5.924297   -1.567585e+00
      5.964297   -1.568140e+00
      6.004297   -1.568693e+00
      6.044297   -1.569242e+00
      6.084297   -1.569787e+00
      6.124297   -1.570328e+00
      6.164297   -1.570865e+00
      6.204297   -1.571397e+00
      6.244297   -1.571925e+00
      6.284297   -1.572446e+00
      6.324297   -1.572963e+00
      6.364297   -1.573474e+00
      6.404297   -1.573978e+00
      6.444297   -1.574477e+00
      6.484297   -1.574968e+00
      6.524297   -1.575453e+00
      6.564297   -1.575931e+00
      6.604297   -1.576401e+00
      6.644297   -1.576863e+00
      6.681185   -1.577283e+00
      6.721185   -1.577731e+00
      6.761185   -1.578170e+00
      6.801185   -1.578601e+00
      6.841185   -1.579023e+00
      6.881185   -1.579436e+00
      6.921185   -1.579841e+00
      6.959045   -1.580216e+00
      6.999045   -1.580603e+00
      7.039045   -1.580981e+00
      7.078152   -1.581341e+00
      7.117968   -1.581699e+00
      7.156336   -1.582035e+00
      7.195867   -1.582372e+00
      7.235867   -1.582704e+00
      7.275867   -1.583027e+00
      7.315867   -1.583340e+00
      7.355867   -1.583644e+00
      7.395867   -1.583939e+00
      7.435867   -1.584224e+00
      7.474641   -1.584492e+00
      7.514000   -1.584756e+00
      7.554000   -1.585015e+00
      7.592025   -1.585253e+00
      7.627102   -1.585466e+00
      7.663701   -1.585681e+00
      7.703701   -1.585908e+00
      7.743701   -1.586127e+00
      7.782100   -1.586329e+00
      7.822100   -1.586533e+00
      7.862100   -1.586729e+00
      7.902100   -1.586917e+00
      7.942100   -1.587099e+00
      7.982100   -1.587274e+00
      8.022100   -1.587442e+00
      8.062100   -1.587603e+00
      8.102100   -1.587759e+00
      8.142100   -1.587908e+00
      8.182100   -1.588052e+00
      8.222100   -1.588191e+00
      8.259261   -1.588315e+00
      8.299261   -1.588444e+00
      8.339261   -1.588568e+00
      8.379261   -1.588687e+00
      8.419261   -1.588803e+00
      8.459261   -1.588915e+00
      8.499261   -1.589023e+00
      8.539261   -1.589127e+00
      8.579261   -1.589228e+00
      8.618957   -1.589326e+00
      8.658957   -1.589421e+00
      8.698957   -1.589514e+00
      8.738957   -1.589605e+00
      8.778957   -1.589693e+00
      8.818957   -1.589779e+00
      8.858957   -1.589864e+00
      8.898957   -1.589947e+00
      8.938957   -1.590028e+00
      8.978957   -1.590108e+00
      9.018957   -1.590188e+00
      9.058957   -1.590266e+00
      9.098957   -1.590343e+00
      9.138957   -1.590420e+00
      9.178957   -1.590496e+00
      9.218957   -1.590572e+00
      9.258957   -1.590647e+00
      9.298957   -1.590723e+00
      9.338957   -1.590798e+00
      9.378957   -1.590874e+00
      9.418957   -1.590949e+00
      9.458957   -1.591025e+00
      9.498957   -1.591101e+00
      9.538957   -1.591178e+00
      9.578957   -1.591254e+00
      9.618957   -1.591332e+00
      9.658957   -1.591409e+00
      9.698957   -1.591488e+00
      9.738957   -1.591567e+00
      9.778957   -1.591646e+00
      9.818957   -1.591726e+00
      9.858957   -1.591807e+00
      9.898957   -1.591889e+00
      9.938957   -1.591971e+00
      9.978957   -1.592054e+00
      10.018957   -1.592137e+00
      10.058957   -1.592221e+00
      10.098957   -1.592306e+00
      10.138957   -1.592391e+00
      10.178957   -1.592477e+00
      10.218957   -1.592564e+00
      10.258957   -1.592651e+00
      10.298957   -1.592738e+00
      10.338957   -1.592826e+00
      10.378957   -1.592913e+00
      10.418957   -1.593002e+00
      10.458957   -1.593090e+00
      10.498957   -1.593179e+00
      10.538957   -1.593268e+00
      10.578957   -1.593357e+00
      10.618957   -1.593446e+00
      10.658957   -1.593534e+00
      10.698957   -1.593623e+00
      10.738957   -1.593712e+00
      10.778957   -1.593800e+00
      10.818957   -1.593888e+00
      10.858957   -1.593975e+00
      10.898957   -1.594062e+00
      10.937791   -1.594146e+00
      10.977791   -1.594232e+00
      11.017791   -1.594317e+00
      11.057791   -1.594402e+00
      11.097791   -1.594485e+00
      11.137791   -1.594568e+00
      11.177791   -1.594650e+00
      11.217791   -1.594731e+00
      11.257791   -1.594811e+00
      11.297791   -1.594890e+00
      11.337791   -1.594968e+00
      11.377791   -1.595045e+00
      11.416727   -1.595118e+00
      11.456727   -1.595193e+00
      11.496727   -1.595266e+00
      11.536727   -1.595338e+00
      11.576727   -1.595408e+00
      11.616727   -1.595477e+00
      11.656727   -1.595545e+00
      11.696727   -1.595612e+00
      11.736727   -1.595677e+00
      11.776727   -1.595740e+00
      11.816727   -1.595802e+00
      11.856727   -1.595863e+00
      11.896727   -1.595922e+00
      11.936727   -1.595980e+00
      11.976727   -1.596036e+00
      12.016727   -1.596092e+00
      12.056727   -1.596145e+00
      12.096727   -1.596197e+00
      12.136727   -1.596248e+00
      12.176727   -1.596297e+00
      12.216727   -1.596345e+00
      12.256727   -1.596392e+00
      12.296727   -1.596437e+00
      12.336727   -1.596481e+00
      12.376727   -1.596524e+00
      12.416727   -1.596566e+00
      12.456727   -1.596606e+00
      12.496727   -1.596645e+00
      12.536727   -1.596683e+00
      12.576727   -1.596720e+00
      12.616727   -1.596756e+00
      12.656727   -1.596791e+00
      12.696727   -1.596824e+00
      12.736727   -1.596857e+00
      12.776727   -1.596889e+00
      12.816727   -1.596920e+00
      12.856727   -1.596949e+00
      12.896727   -1.596979e+00
      12.936727   -1.597007e+00
      12.976727   -1.597034e+00
      13.016727   -1.597061e+00
      13.056727   -1.597087e+00
      13.096727   -1.597113e+00
      13.136727   -1.597138e+00
      13.176727   -1.597162e+00
      13.216727   -1.597185e+00
      13.256727   -1.597208e+00
      13.296727   -1.597231e+00
      13.336727   -1.597253e+00
      13.376727   -1.597275e+00
      13.416727   -1.597296e+00
      13.456727   -1.597317e+00
      13.496727   -1.597337e+00
      13.536727   -1.597358e+00
      13.576727   -1.597377e+00
      13.616727   -1.597397e+00
      13.656727   -1.597416e+00
      13.696727   -1.597435e+00
      13.736727   -1.597454e+00
      13.776727   -1.597473e+00
      13.816727   -1.597492e+00
      13.856727   -1.597510e+00
      13.896727   -1.597528e+00
      13.936727   -1.597546e+00
      13.976727   -1.597564e+00
      14.016727   -1.597582e+00
      14.056727   -1.597599e+00
      14.096727   -1.597617e+00
      14.136727   -1.597635e+00
      14.176727   -1.597652e+00
      14.216727   -1.597670e+00
      14.256727   -1.597687e+00
      14.296727   -1.597704e+00
      14.336727   -1.597722e+00
      14.376727   -1.597738e+00
      14.416727   -1.597756e+00
      14.456727   -1.597773e+00
      14.496727   -1.597790e+00
      14.536727   -1.597807e+00
      14.576727   -1.597824e+00
      14.616727   -1.597841e+00
      14.656727   -1.597858e+00
      14.696727   -1.597874e+00
      14.736727   -1.597891e+00
      14.776727   -1.597908e+00
      14.816727   -1.597924e+00
      14.856727   -1.597941e+00
      14.896727   -1.597957e+00
      14.936727   -1.597973e+00
      14.976727   -1.597990e+00
      15.016727   -1.598006e+00
      15.056727   -1.598022e+00
      15.096727   -1.598038e+00
      15.136727   -1.598053e+00
      15.176727   -1.598069e+00
      15.216727   -1.598084e+00
      15.256727   -1.598100e+00
      15.296727   -1.598115e+00
      15.336727   -1.598130e+00
      15.376727   -1.598145e+00
      15.416727   -1.598160e+00
      15.456727   -1.598174e+00
      15.496727   -1.598189e+00
      15.536727   -1.598203e+00
      15.576727   -1.598217e+00
      15.616727   -1.598231e+00
      15.656727   -1.598244e+00
      15.696727   -1.598257e+00
      15.736727   -1.598270e+00
      15.776727   -1.598284e+00
      15.816727   -1.598296e+00
      15.856727   -1.598308e+00
      15.896727   -1.598321e+00
      15.936727   -1.598333e+00
      15.976727   -1.598344e+00
      16.016727   -1.598356e+00
      16.056727   -1.598367e+00
      16.096727   -1.598378e+00
      16.136727   -1.598389e+00
      16.176727   -1.598399e+00
      16.216727   -1.598409e+00
      16.256727   -1.598419e+00
      16.296727   -1.598429e+00
      16.336727   -1.598438e+00
      16.376727   -1.598447e+00
      16.416727   -1.598456e+00
      16.456727   -1.598465e+00
      16.496727   -1.598473e+00
      16.536727   -1.598482e+00
      16.576727   -1.598489e+00
      16.616727   -1.598497e+00
      16.656727   -1.598505e+00
      16.696727   -1.598512e+00
      16.736727   -1.598519e+00
      16.776727   -1.598526e+00
      16.816727   -1.598532e+00
      16.856727   -1.598539e+00
      16.896727   -1.598545e+00
      16.936727   -1.598551e+00
      16.976727   -1.598556e+00
      17.016727   -1.598562e+00
      17.056727   -1.598567e+00
      17.096727   -1.598572e+00
      17.136727   -1.598577e+00
      17.176727   -1.598582e+00
      17.216727   -1.598587e+00
      17.256727   -1.598591e+00
      17.296727   -1.598595e+00
      17.336727   -1.598599e+00
      17.376727   -1.598603e+00
      17.416727   -1.598607e+00
      17.456727   -1.598611e+00
      17.496727   -1.598614e+00
      17.536727   -1.598617e+00
      17.576727   -1.598620e+00
      17.616727   -1.598624e+00
      17.656727   -1.598626e+00
      17.696727   -1.598629e+00
      17.736727   -1.598632e+00
      17.776727   -1.598635e+00
      17.816727   -1.598637e+00
      17.856727   -1.598640e+00
      17.896727   -1.598642e+00
      17.936727   -1.598644e+00
      17.976727   -1.598646e+00
      18.016727   -1.598649e+00
      18.056727   -1.598651e+00
      18.096727   -1.598653e+00
      18.136727   -1.598654e+00
      18.176727   -1.598656e+00
      18.216727   -1.598658e+00
      18.256727   -1.598659e+00
      18.296727   -1.598661e+00
      18.336727   -1.598663e+00
      18.376727   -1.598664e+00
      18.416727   -1.598665e+00
      18.456727   -1.598667e+00
      18.496727   -1.598668e+00
      18.536727   -1.598670e+00
      18.576727   -1.598671e+00
      18.616727   -1.598672e+00
      18.656727   -1.598673e+00
      18.696727   -1.598674e+00
      18.736727   -1.598675e+00
      18.776727   -1.598676e+00
      18.816727   -1.598677e+00
      18.856727   -1.598678e+00
      18.896727   -1.598679e+00
      18.936727   -1.598679e+00
      18.976727   -1.598680e+00
      19.016727   -1.598681e+00
      19.056727   -1.598682e+00
      19.096727   -1.598682e+00
      19.136727   -1.598683e+00
      19.176727   -1.598684e+00
      19.216727   -1.598684e+00
      19.256727   -1.598685e+00
      19.296727   -1.598685e+00
      19.336727   -1.598686e+00
      19.376727   -1.598686e+00
      19.416727   -1.598687e+00
      19.456727   -1.598687e+00
      19.496727   -1.598687e+00
      19.536727   -1.598688e+00
      19.576727   -1.598688e+00
      19.616727   -1.598688e+00
      19.656727   -1.598688e+00
      19.696727   -1.598688e+00
      19.736727   -1.598689e+00
      19.776727   -1.598689e+00
      19.816727   -1.598689e+00
      19.856727   -1.598689e+00
      19.896727   -1.598689e+00
      19.936727   -1.598689e+00
      19.976727   -1.598688e+00
      20.016727   -1.598688e+00
      20.056727   -1.598688e+00
      20.096727   -1.598688e+00
      20.136727   -1.598688e+00
      20.176727   -1.598687e+00
      20.216727   -1.598687e+00
      20.256727   -1.598687e+00
      20.296727   -1.598686e+00
      20.336727   -1.598686e+00
      20.376727   -1.598685e+00
      20.416727   -1.598685e+00
      20.456727   -1.598684e+00
      20.496727   -1.598684e+00
      20.536727   -1.598683e+00
      20.576727   -1.598682e+00
      20.616727   -1.598682e+00
      20.656727   -1.598681e+00
      20.696727   -1.598680e+00
      20.736727   -1.598680e+00
      20.776727   -1.598679e+00
      20.816727   -1.598678e+00
      20.856727   -1.598678e+00
      20.896727   -1.598677e+00
      20.936727   -1.598676e+00
      20.976727   -1.598675e+00
      21.016727   -1.598674e+00
      21.056727   -1.598673e+00
      21.096727   -1.598672e+00
      21.136727   -1.598672e+00
      21.176727   -1.598671e+00
      21.216727   -1.598670e+00
      21.256727   -1.598669e+00
      21.296727   -1.598668e+00
      21.336727   -1.598667e+00
      21.376727   -1.598666e+00
      21.416727   -1.598665e+00
      21.456727   -1.598665e+00
      21.496727   -1.598663e+00
      21.536727   -1.598662e+00
      21.576727   -1.598662e+00
      21.616727   -1.598661e+00
      21.656727   -1.598660e+00
      21.696727   -1.598659e+00
      21.736727   -1.598658e+00
      21.776727   -1.598657e+00
      21.816727   -1.598656e+00
      21.856727   -1.598655e+00
      21.896727   -1.598654e+00
      21.936727   -1.598653e+00
      21.976727   -1.598653e+00
      22.016727   -1.598652e+00
      22.056727   -1.598651e+00
      22.096727   -1.598650e+00
      22.136727   -1.598649e+00
      22.176727   -1.598648e+00
      22.216727   -1.598647e+00
      22.256727   -1.598646e+00
      22.296727   -1.598645e+00
      22.336727   -1.598644e+00
      22.376727   -1.598643e+00
      22.416727   -1.598642e+00
      22.456727   -1.598641e+00
      22.496727   -1.598640e+00
      22.536727   -1.598640e+00
      22.576727   -1.598638e+00
      22.616727   -1.598638e+00
      22.656727   -1.598637e+00
      22.696727   -1.598636e+00
      22.736727   -1.598635e+00
      22.776727   -1.598634e+00
      22.816727   -1.598633e+00
      22.856727   -1.598632e+00
      22.896727   -1.598631e+00
      22.936727   -1.598630e+00
      22.976727   -1.598629e+00
      23.016727   -1.598628e+00
      23.056727   -1.598627e+00
      23.096727   -1.598626e+00
      23.136727   -1.598625e+00
      23.176727   -1.598624e+00
      23.216727   -1.598623e+00
      23.256727   -1.598622e+00
      23.296727   -1.598621e+00
      23.336727   -1.598620e+00
      23.376727   -1.598618e+00
      23.416727   -1.598618e+00
      23.456727   -1.598616e+00
      23.496727   -1.598615e+00
      23.536727   -1.598614e+00
      23.576727   -1.598613e+00
      23.616727   -1.598612e+00
      23.656727   -1.598611e+00
      23.696727   -1.598610e+00
      23.736727   -1.598609e+00
      23.776727   -1.598607e+00
      23.816727   -1.598606e+00
      23.856727   -1.598605e+00
      23.896727   -1.598604e+00
      23.936727   -1.598603e+00
      23.976727   -1.598602e+00
      24.016727   -1.598600e+00
      24.056727   -1.598599e+00
      24.096727   -1.598598e+00
      24.136727   -1.598597e+00
      24.176727   -1.598596e+00
      24.216727   -1.598594e+00
      24.256727   -1.598593e+00
      24.296727   -1.598592e+00
      24.336727   -1.598591e+00
      24.376727   -1.598590e+00
      24.416727   -1.598588e+00
      24.456727   -1.598587e+00
      24.496727   -1.598586e+00
      24.536727   -1.598585e+00
      24.576727   -1.598583e+00
      24.616727   -1.598582e+00
      24.656727   -1.598581e+00
      24.696727   -1.598580e+00
      24.736727   -1.598579e+00
      24.776727   -1.598577e+00
      24.816727   -1.598576e+00
      24.856727   -1.598575e+00
      24.896727   -1.598573e+00
      24.936727   -1.598572e+00
      24.976727   -1.598571e+00
      25.016727   -1.598570e+00
      25.056727   -1.598569e+00
      25.096727   -1.598567e+00
      25.136727   -1.598566e+00
      25.176727   -1.598565e+00
      25.216727   -1.598564e+00
      25.256727   -1.598562e+00
      25.296727   -1.598561e+00
      25.336727   -1.598560e+00
      25.376727   -1.598558e+00
      25.416727   -1.598557e+00
      25.456727   -1.598556e+00
      25.496727   -1.598555e+00
      25.536727   -1.598553e+00
      25.576727   -1.598552e+00
      25.616727   -1.598551e+00
      25.656727   -1.598549e+00
