      0.000113   -1.327943e+00
      0.000164   -1.327943e+00
      0.000215   -1.327943e+00
      0.000281   -1.327943e+00
      0.000317   -1.327943e+00
      0.000348   -1.327943e+00
      0.000379   -1.327943e+00
      0.000410   -1.327942e+00
      0.000435   -1.327942e+00
      0.000460   -1.327942e+00
      0.000491   -1.327942e+00
      0.000525   -1.327942e+00
      0.000607   -1.327942e+00
      0.000685   -1.327942e+00
      0.000799   -1.327941e+00
      0.000871   -1.327941e+00
      0.000944   -1.327941e+00
      0.001038   -1.327941e+00
      0.001132   -1.327940e+00
      0.001222   -1.327940e+00
      0.001315   -1.327939e+00
      0.001587   -1.327939e+00
      0.001860   -1.327939e+00
      0.002074   -1.327938e+00
      0.002289   -1.327939e+00
      0.002498   -1.327938e+00
      0.002711   -1.327938e+00
      0.002907   -1.327938e+00
      0.003102   -1.327938e+00
      0.003342   -1.327938e+00
      0.003599   -1.327939e+00
      0.003839   -1.327939e+00
      0.004114   -1.327939e+00
      0.004462   -1.327939e+00
      0.004809   -1.327939e+00
      0.005125   -1.327940e+00
      0.005419   -1.327940e+00
      0.005735   -1.327940e+00
      0.006119   -1.327941e+00
      0.006470   -1.327942e+00
      0.006820   -1.327942e+00
      0.007236   -1.327943e+00
      0.007615   -1.327944e+00
      0.008033   -1.327944e+00
      0.008476   -1.327945e+00
      0.008916   -1.327946e+00
      0.009513   -1.327948e+00
      0.010074   -1.327949e+00
      0.010640   -1.327951e+00
      0.011160   -1.327952e+00
      0.011658   -1.327953e+00
      0.012171   -1.327955e+00
      0.012703   -1.327957e+00
      0.013318   -1.327959e+00
      0.013791   -1.327960e+00
      0.014244   -1.327962e+00
      0.014923   -1.327964e+00
      0.015872   -1.327968e+00
      0.016980   -1.327972e+00
      0.017942   -1.327976e+00
      0.018903   -1.327981e+00
      0.020520   -1.327989e+00
      0.022276   -1.327998e+00
      0.023948   -1.328007e+00
      0.027705   -1.328031e+00
      0.030084   -1.328048e+00
      0.032464   -1.328066e+00
      0.034793   -1.328086e+00
      0.036322   -1.328099e+00
      0.037851   -1.328113e+00
      0.039465   -1.328129e+00
      0.041079   -1.328145e+00
      0.043457   -1.328169e+00
      0.046198   -1.328200e+00
      0.048939   -1.328232e+00
      0.052426   -1.328275e+00
      0.055872   -1.328321e+00
      0.058664   -1.328361e+00
      0.061456   -1.328402e+00
      0.065687   -1.328468e+00
      0.067396   -1.328495e+00
      0.069106   -1.328524e+00
      0.070801   -1.328553e+00
      0.072693   -1.328586e+00
      0.074874   -1.328625e+00
      0.076992   -1.328664e+00
      0.079110   -1.328704e+00
      0.081251   -1.328746e+00
      0.083393   -1.328789e+00
      0.085355   -1.328829e+00
      0.087766   -1.328879e+00
      0.090177   -1.328931e+00
      0.092594   -1.328984e+00
      0.094526   -1.329028e+00
      0.096458   -1.329072e+00
      0.098201   -1.329113e+00
      0.100072   -1.329157e+00
      0.101662   -1.329195e+00
      0.103251   -1.329234e+00
      0.104811   -1.329273e+00
      0.106244   -1.329309e+00
      0.107816   -1.329349e+00
      0.109356   -1.329389e+00
      0.110781   -1.329426e+00
      0.112207   -1.329464e+00
      0.113678   -1.329503e+00
      0.115557   -1.329554e+00
      0.117200   -1.329599e+00
      0.118779   -1.329643e+00
      0.120572   -1.329694e+00
      0.122341   -1.329744e+00
      0.124632   -1.329811e+00
      0.127145   -1.329885e+00
      0.129659   -1.329960e+00
      0.132432   -1.330045e+00
      0.135346   -1.330135e+00
      0.138090   -1.330222e+00
      0.140713   -1.330307e+00
      0.143336   -1.330393e+00
      0.146230   -1.330489e+00
      0.149125   -1.330587e+00
      0.153983   -1.330755e+00
      0.158258   -1.330907e+00
      0.162423   -1.331058e+00
      0.167947   -1.331263e+00
      0.176084   -1.331575e+00
      0.187147   -1.332018e+00
      0.193619   -1.332287e+00
      0.200091   -1.332563e+00
      0.208020   -1.332911e+00
      0.213109   -1.333139e+00
      0.218198   -1.333371e+00
      0.222919   -1.333590e+00
      0.227710   -1.333816e+00
      0.232248   -1.334033e+00
      0.236636   -1.334246e+00
      0.241024   -1.334461e+00
      0.245813   -1.334699e+00
      0.251000   -1.334960e+00
      0.254780   -1.335153e+00
      0.258560   -1.335347e+00
      0.262806   -1.335568e+00
      0.267051   -1.335791e+00
      0.272615   -1.336086e+00
      0.278860   -1.336423e+00
      0.286639   -1.336848e+00
      0.293702   -1.337240e+00
      0.300493   -1.337623e+00
      0.306240   -1.337950e+00
      0.311988   -1.338281e+00
      0.317480   -1.338601e+00
      0.322972   -1.338924e+00
      0.328950   -1.339278e+00
      0.336136   -1.339709e+00
      0.343317   -1.340145e+00
      0.350326   -1.340574e+00
      0.357350   -1.341009e+00
      0.365794   -1.341537e+00
      0.374011   -1.342056e+00
      0.381775   -1.342552e+00
      0.389732   -1.343065e+00
      0.396721   -1.343519e+00
      0.403123   -1.343938e+00
      0.409389   -1.344351e+00
      0.415655   -1.344767e+00
      0.422416   -1.345218e+00
      0.428749   -1.345644e+00
      0.435671   -1.346111e+00
      0.444429   -1.346708e+00
      0.451503   -1.347192e+00
      0.458578   -1.347680e+00
      0.465454   -1.348156e+00
      0.473883   -1.348743e+00
      0.481591   -1.349283e+00
      0.491170   -1.349959e+00
      0.503660   -1.350845e+00
      0.517342   -1.351825e+00
      0.529727   -1.352718e+00
      0.545813   -1.353887e+00
      0.561549   -1.355039e+00
      0.577333   -1.356204e+00
      0.592513   -1.357331e+00
      0.606997   -1.358413e+00
      0.620069   -1.359394e+00
      0.635399   -1.360550e+00
      0.650815   -1.361718e+00
      0.668266   -1.363046e+00
      0.681902   -1.364087e+00
      0.693770   -1.364997e+00
      0.704477   -1.365819e+00
      0.717068   -1.366789e+00
      0.728729   -1.367689e+00
      0.739739   -1.368540e+00
      0.750816   -1.369399e+00
      0.761235   -1.370207e+00
      0.771966   -1.371041e+00
      0.781777   -1.371805e+00
      0.792936   -1.372675e+00
      0.801930   -1.373378e+00
      0.809864   -1.373998e+00
      0.817459   -1.374592e+00
      0.827794   -1.375401e+00
      0.840284   -1.376379e+00
      0.851990   -1.377298e+00
      0.864137   -1.378252e+00
      0.877561   -1.379307e+00
      0.890612   -1.380334e+00
      0.912256   -1.382039e+00
      0.940610   -1.384274e+00
      0.969394   -1.386545e+00
      0.982470   -1.387577e+00
      0.995012   -1.388567e+00
      1.006847   -1.389502e+00
      1.019103   -1.390469e+00
      1.030907   -1.391401e+00
      1.044000   -1.392434e+00
      1.061963   -1.393851e+00
      1.079867   -1.395263e+00
      1.093943   -1.396372e+00
      1.107620   -1.397449e+00
      1.123685   -1.398713e+00
      1.140165   -1.400009e+00
      1.154381   -1.401125e+00
      1.168597   -1.402241e+00
      1.184903   -1.403519e+00
      1.202562   -1.404902e+00
      1.220221   -1.406282e+00
      1.237683   -1.407644e+00
      1.259166   -1.409317e+00
      1.280755   -1.410994e+00
      1.304429   -1.412827e+00
      1.339517   -1.415535e+00
      1.376427   -1.418369e+00
      1.403413   -1.420430e+00
      1.430399   -1.422482e+00
      1.453924   -1.424263e+00
      1.477449   -1.426036e+00
      1.502176   -1.427891e+00
      1.529370   -1.429920e+00
      1.565426   -1.432592e+00
      1.600544   -1.435172e+00
      1.632976   -1.437536e+00
      1.664361   -1.439805e+00
      1.696216   -1.442088e+00
      1.724745   -1.444115e+00
      1.753274   -1.446125e+00
      1.788190   -1.448561e+00
      1.823106   -1.450970e+00
      1.861995   -1.453620e+00
      1.897425   -1.456003e+00
      1.935010   -1.458497e+00
      1.975010   -1.461112e+00
      2.015010   -1.463684e+00
      2.055010   -1.466214e+00
      2.089174   -1.468340e+00
      2.121486   -1.470321e+00
      2.151118   -1.472111e+00
      2.185435   -1.474152e+00
      2.222729   -1.476330e+00
      2.252102   -1.478017e+00
      2.280662   -1.479632e+00
      2.309228   -1.481222e+00
      2.341089   -1.482966e+00
      2.366041   -1.484310e+00
      2.389132   -1.485536e+00
      2.412519   -1.486761e+00
      2.449162   -1.488646e+00
      2.483083   -1.490353e+00
      2.509810   -1.491673e+00
      2.533925   -1.492843e+00
      2.555930   -1.493896e+00
      2.577160   -1.494897e+00
      2.597347   -1.495835e+00
      2.617533   -1.496761e+00
      2.638145   -1.497693e+00
      2.656986   -1.498534e+00
      2.681737   -1.499621e+00
      2.707335   -1.500725e+00
      2.747335   -1.502411e+00
      2.787335   -1.504047e+00
      2.825772   -1.505574e+00
      2.861970   -1.506973e+00
      2.895546   -1.508235e+00
      2.935546   -1.509697e+00
      2.975546   -1.511113e+00
      3.015546   -1.512485e+00
      3.049681   -1.513621e+00
      3.083816   -1.514725e+00
      3.123816   -1.515981e+00
      3.163816   -1.517196e+00
      3.201414   -1.518301e+00
      3.237205   -1.519320e+00
      3.277205   -1.520425e+00
      3.311747   -1.521348e+00
      3.338145   -1.522037e+00
      3.362503   -1.522658e+00
      3.392613   -1.523408e+00
      3.420756   -1.524093e+00
      3.460756   -1.525039e+00
      3.500756   -1.525953e+00
      3.540756   -1.526838e+00
      3.580756   -1.527694e+00
      3.620756   -1.528523e+00
      3.658557   -1.529283e+00
      3.698557   -1.530064e+00
      3.738557   -1.530821e+00
      3.778557   -1.531556e+00
      3.818557   -1.532270e+00
      3.858557   -1.532966e+00
      3.898557   -1.533643e+00
      3.935258   -1.534250e+00
      3.964817   -1.534728e+00
      3.994376   -1.535199e+00
      4.025316   -1.535684e+00
      4.062869   -1.536262e+00
      4.102869   -1.536866e+00
      4.142249   -1.537450e+00
      4.180025   -1.538002e+00
      4.220025   -1.538577e+00
      4.255733   -1.539085e+00
      4.291442   -1.539587e+00
      4.328707   -1.540106e+00
      4.362853   -1.540577e+00
      4.399586   -1.541081e+00
      4.433981   -1.541550e+00
      4.471451   -1.542058e+00
      4.511451   -1.542598e+00
      4.551451   -1.543137e+00
      4.590727   -1.543665e+00
      4.630727   -1.544202e+00
      4.670727   -1.544740e+00
      4.710727   -1.545277e+00
      4.750727   -1.545816e+00
      4.790727   -1.546355e+00
      4.830727   -1.546896e+00
      4.870727   -1.547438e+00
      4.910727   -1.547982e+00
      4.945967   -1.548463e+00
      4.981208   -1.548945e+00
      5.016258   -1.549425e+00
      5.047704   -1.549858e+00
      5.079151   -1.550291e+00
      5.108804   -1.550701e+00
      5.139087   -1.551121e+00
      5.171627   -1.551573e+00
      5.211627   -1.552129e+00
      5.245798   -1.552606e+00
      5.279969   -1.553083e+00
      5.316666   -1.553597e+00
      5.355214   -1.554137e+00
      5.391276   -1.554643e+00
      5.431122   -1.555203e+00
      5.471122   -1.555764e+00
      5.511122   -1.556326e+00
      5.551122   -1.556887e+00
      5.591122   -1.557447e+00
      5.631122   -1.558006e+00
      5.670911   -1.558561e+00
      5.710911   -1.559117e+00
      5.750911   -1.559671e+00
      5.790911   -1.560222e+00
      5.830911   -1.560770e+00
      5.866700   -1.561257e+00
      5.902490   -1.561741e+00
      5.942490   -1.562279e+00
      5.982490   -1.562812e+00
      6.022490   -1.563340e+00
      6.061809   -1.563854e+00
      6.101809   -1.564371e+00
      6.139176   -1.564849e+00
      6.174876   -1.565300e+00
      6.204666   -1.565672e+00
      6.230613   -1.565994e+00
      6.256559   -1.566312e+00
      6.290986   -1.566730e+00
      6.324962   -1.567136e+00
      6.362957   -1.567585e+00
      6.402957   -1.568049e+00
      6.442354   -1.568499e+00
      6.482354   -1.568947e+00
      6.522354   -1.569386e+00
      6.562354   -1.569817e+00
      6.602354   -1.570239e+00
      6.642354   -1.570652e+00
      6.682354   -1.571055e+00
      6.722354   -1.571450e+00
      6.762354   -1.571835e+00
      6.802354   -1.572211e+00
      6.842354   -1.572578e+00
      6.882354   -1.572936e+00
      6.922354   -1.573284e+00
      6.962354   -1.573623e+00
      7.002354   -1.573953e+00
      7.041998   -1.574270e+00
      7.081998   -1.574582e+00
      7.121998   -1.574884e+00
      7.161998   -1.575178e+00
      7.200393   -1.575451e+00
      7.240393   -1.575728e+00
      7.274454   -1.575957e+00
      7.308515   -1.576180e+00
      7.347408   -1.576427e+00
      7.387408   -1.576674e+00
      7.427408   -1.576913e+00
      7.465906   -1.577136e+00
      7.505906   -1.577360e+00
      7.545906   -1.577578e+00
      7.585906   -1.577788e+00
      7.625906   -1.577992e+00
      7.665906   -1.578190e+00
      7.700154   -1.578355e+00
      7.734402   -1.578515e+00
      7.774402   -1.578697e+00
      7.814402   -1.578873e+00
      7.852740   -1.579038e+00
      7.892740   -1.579205e+00
      7.932740   -1.579367e+00
      7.972740   -1.579525e+00
      8.012740   -1.579679e+00
      8.052740   -1.579829e+00
      8.089761   -1.579964e+00
      8.129761   -1.580108e+00
      8.169761   -1.580248e+00
      8.209761   -1.580385e+00
      8.249761   -1.580519e+00
      8.289761   -1.580652e+00
      8.329761   -1.580781e+00
      8.369761   -1.580909e+00
      8.409761   -1.581035e+00
      8.449761   -1.581160e+00
      8.489761   -1.581283e+00
      8.529761   -1.581404e+00
      8.569761   -1.581525e+00
      8.609761   -1.581644e+00
      8.649761   -1.581763e+00
      8.689761   -1.581881e+00
      8.729761   -1.581998e+00
      8.769761   -1.582114e+00
      8.809761   -1.582230e+00
      8.849761   -1.582346e+00
      8.889761   -1.582461e+00
      8.929761   -1.582576e+00
      8.969761   -1.582691e+00
      9.009761   -1.582805e+00
      9.049761   -1.582919e+00
      9.089761   -1.583033e+00
      9.129761   -1.583146e+00
      9.168108   -1.583255e+00
      9.208108   -1.583368e+00
      9.248108   -1.583481e+00
      9.288108   -1.583593e+00
      9.328108   -1.583705e+00
      9.368108   -1.583817e+00
      9.408108   -1.583929e+00
      9.448108   -1.584040e+00
      9.488108   -1.584150e+00
      9.526792   -1.584257e+00
      9.566792   -1.584366e+00
      9.605230   -1.584471e+00
      9.644953   -1.584579e+00
      9.684953   -1.584686e+00
      9.724953   -1.584793e+00
      9.764780   -1.584899e+00
      9.804780   -1.585005e+00
      9.844780   -1.585110e+00
      9.884780   -1.585213e+00
      9.924780   -1.585316e+00
      9.964780   -1.585418e+00
      10.004780   -1.585519e+00
      10.044780   -1.585619e+00
      10.084780   -1.585718e+00
      10.124780   -1.585816e+00
      10.164780   -1.585912e+00
      10.204780   -1.586008e+00
      10.244780   -1.586102e+00
      10.284780   -1.586196e+00
      10.324780   -1.586288e+00
      10.361667   -1.586372e+00
      10.401667   -1.586462e+00
      10.441667   -1.586550e+00
      10.481667   -1.586638e+00
      10.521667   -1.586724e+00
      10.561667   -1.586809e+00
      10.601667   -1.586893e+00
      10.641667   -1.586975e+00
      10.681667   -1.587057e+00
      10.721667   -1.587137e+00
      10.761667   -1.587216e+00
      10.801667   -1.587294e+00
      10.841667   -1.587371e+00
      10.881667   -1.587446e+00
      10.921667   -1.587520e+00
      10.961667   -1.587593e+00
      11.001667   -1.587665e+00
      11.041667   -1.587736e+00
      11.081667   -1.587806e+00
      11.121667   -1.587874e+00
      11.161667   -1.587942e+00
      11.201667   -1.588008e+00
      11.241667   -1.588073e+00
      11.281667   -1.588137e+00
      11.321667   -1.588201e+00
      11.361667   -1.588263e+00
      11.401667   -1.588324e+00
      11.451667   -1.588399e+00
      11.501667   -1.588472e+00
      11.551667   -1.588544e+00
      11.601667   -1.588615e+00
      11.651667   -1.588683e+00
      11.701667   -1.588751e+00
      11.751667   -1.588817e+00
      11.801667   -1.588881e+00
      11.851667   -1.588944e+00
      11.901667   -1.589005e+00
      11.951667   -1.589065e+00
      12.001667   -1.589124e+00
      12.051667   -1.589181e+00
      12.101667   -1.589237e+00
      12.151667   -1.589291e+00
      12.201667   -1.589344e+00
      12.251667   -1.589396e+00
      12.301667   -1.589446e+00
      12.351667   -1.589496e+00
      12.401667   -1.589543e+00
      12.451667   -1.589590e+00
      12.501667   -1.589636e+00
      12.551667   -1.589680e+00
      12.601667   -1.589723e+00
      12.651667   -1.589765e+00
      12.701667   -1.589806e+00
      12.751667   -1.589846e+00
      12.801667   -1.589885e+00
      12.847557   -1.589920e+00
      12.897557   -1.589957e+00
      12.947557   -1.589993e+00
      12.997557   -1.590028e+00
      13.047557   -1.590063e+00
      13.097557   -1.590096e+00
      13.147557   -1.590129e+00
      13.197557   -1.590161e+00
      13.247557   -1.590192e+00
      13.297557   -1.590223e+00
      13.347557   -1.590253e+00
      13.397557   -1.590282e+00
      13.447557   -1.590310e+00
      13.497557   -1.590338e+00
      13.547557   -1.590365e+00
      13.597557   -1.590392e+00
      13.647557   -1.590418e+00
      13.697557   -1.590444e+00
      13.747557   -1.590469e+00
      13.797557   -1.590493e+00
      13.847557   -1.590517e+00
      13.897557   -1.590540e+00
      13.947557   -1.590563e+00
      13.997557   -1.590585e+00
      14.047557   -1.590607e+00
      14.097557   -1.590628e+00
      14.147557   -1.590649e+00
      14.197557   -1.590670e+00
      14.247557   -1.590690e+00
      14.297557   -1.590709e+00
      14.347557   -1.590728e+00
      14.397557   -1.590747e+00
      14.447557   -1.590765e+00
      14.497557   -1.590783e+00
      14.543694   -1.590799e+00
      14.593694   -1.590816e+00
      14.642922   -1.590832e+00
      14.689453   -1.590848e+00
      14.739453   -1.590863e+00
      14.789453   -1.590879e+00
      14.839453   -1.590894e+00
      14.889453   -1.590909e+00
      14.939453   -1.590924e+00
      14.989453   -1.590938e+00
      15.039453   -1.590952e+00
      15.089453   -1.590966e+00
      15.139453   -1.590979e+00
      15.189453   -1.590992e+00
      15.239453   -1.591005e+00
      15.289453   -1.591017e+00
      15.339453   -1.591030e+00
      15.389453   -1.591042e+00
      15.439453   -1.591054e+00
      15.489453   -1.591066e+00
      15.539453   -1.591078e+00
      15.589453   -1.591089e+00
      15.639453   -1.591100e+00
      15.689453   -1.591112e+00
      15.739453   -1.591123e+00
      15.789453   -1.591134e+00
      15.839453   -1.591144e+00
      15.889453   -1.591155e+00
      15.939453   -1.591165e+00
      15.989453   -1.591176e+00
      16.039453   -1.591187e+00
      16.089453   -1.591197e+00
      16.139453   -1.591207e+00
      16.189453   -1.591217e+00
      16.239453   -1.591227e+00
      16.289453   -1.591237e+00
      16.339453   -1.591247e+00
      16.387690   -1.591256e+00
      16.436771   -1.591266e+00
      16.486771   -1.591276e+00
      16.536771   -1.591285e+00
      16.586771   -1.591294e+00
      16.636771   -1.591304e+00
      16.686771   -1.591313e+00
      16.736771   -1.591322e+00
      16.786771   -1.591331e+00
      16.836771   -1.591340e+00
      16.886771   -1.591348e+00
      16.936771   -1.591357e+00
      16.986771   -1.591365e+00
      17.036771   -1.591373e+00
      17.086771   -1.591381e+00
      17.136771   -1.591389e+00
      17.186771   -1.591396e+00
      17.236771   -1.591403e+00
      17.286771   -1.591410e+00
      17.336771   -1.591417e+00
      17.386771   -1.591424e+00
      17.436771   -1.591430e+00
      17.486771   -1.591436e+00
      17.536771   -1.591442e+00
      17.586771   -1.591447e+00
      17.636771   -1.591452e+00
      17.686771   -1.591457e+00
      17.736771   -1.591462e+00
      17.786771   -1.591467e+00
      17.836771   -1.591471e+00
      17.886771   -1.591474e+00
      17.936771   -1.591478e+00
      17.986771   -1.591481e+00
      18.036771   -1.591484e+00
      18.086771   -1.591486e+00
      18.136771   -1.591489e+00
      18.186771   -1.591491e+00
      18.236771   -1.591492e+00
      18.286771   -1.591493e+00
      18.336771   -1.591494e+00
      18.386771   -1.591495e+00
      18.436771   -1.591495e+00
      18.486771   -1.591495e+00
      18.536771   -1.591495e+00
      18.586771   -1.591494e+00
      18.636771   -1.591493e+00
      18.686771   -1.591492e+00
      18.736771   -1.591490e+00
      18.786771   -1.591489e+00
      18.836771   -1.591486e+00
      18.886771   -1.591484e+00
      18.936771   -1.591481e+00
      18.986771   -1.591478e+00
      19.036771   -1.591474e+00
      19.086771   -1.591471e+00
      19.136771   -1.591467e+00
      19.186771   -1.591463e+00
      19.236771   -1.591458e+00
      19.286771   -1.591453e+00
      19.335564   -1.591449e+00
      19.385564   -1.591444e+00
      19.435564   -1.591438e+00
      19.485564   -1.591433e+00
      19.535564   -1.591427e+00
      19.585564   -1.591421e+00
      19.635564   -1.591414e+00
      19.685564   -1.591408e+00
      19.735564   -1.591402e+00
      19.785564   -1.591395e+00
      19.835564   -1.591388e+00
      19.885564   -1.591381e+00
      19.935564   -1.591374e+00
      19.985564   -1.591367e+00
      20.035564   -1.591359e+00
      20.085564   -1.591352e+00
      20.135564   -1.591344e+00
      20.185564   -1.591337e+00
      20.235564   -1.591329e+00
      20.285564   -1.591322e+00
      20.335564   -1.591314e+00
      20.385564   -1.591306e+00
      20.435564   -1.591299e+00
      20.485564   -1.591291e+00
      20.535564   -1.591283e+00
      20.585564   -1.591276e+00
      20.635564   -1.591268e+00
      20.685564   -1.591261e+00
      20.735564   -1.591253e+00
      20.785564   -1.591246e+00
      20.835564   -1.591238e+00
      20.885564   -1.591231e+00
      20.935564   -1.591224e+00
      20.985564   -1.591217e+00
      21.035564   -1.591210e+00
      21.085564   -1.591203e+00
      21.135564   -1.591196e+00
      21.185564   -1.591190e+00
      21.235564   -1.591184e+00
      21.285564   -1.591177e+00
      21.335564   -1.591171e+00
      21.385564   -1.591165e+00
      21.435564   -1.591160e+00
      21.485564   -1.591154e+00
      21.535564   -1.591149e+00
      21.585564   -1.591144e+00
      21.635564   -1.591139e+00
      21.685564   -1.591134e+00
      21.735564   -1.591129e+00
      21.785564   -1.591125e+00
      21.835564   -1.591121e+00
      21.885564   -1.591116e+00
      21.935564   -1.591113e+00
      21.985564   -1.591109e+00
      22.035564   -1.591105e+00
      22.085564   -1.591102e+00
      22.135564   -1.591099e+00
      22.185564   -1.591096e+00
      22.235564   -1.591094e+00
      22.285564   -1.591091e+00
      22.335564   -1.591089e+00
      22.385564   -1.591086e+00
      22.435564   -1.591085e+00
      22.485564   -1.591083e+00
      22.535564   -1.591081e+00
      22.585564   -1.591080e+00
      22.635564   -1.591079e+00
      22.685564   -1.591078e+00
      22.735564   -1.591076e+00
      22.785564   -1.591076e+00
      22.835564   -1.591075e+00
      22.885564   -1.591075e+00
      22.935564   -1.591074e+00
      22.985564   -1.591074e+00
      23.035564   -1.591074e+00
      23.085564   -1.591074e+00
      23.135564   -1.591074e+00
      23.185564   -1.591075e+00
      23.235564   -1.591075e+00
      23.285564   -1.591075e+00
      23.335564   -1.591076e+00
      23.385564   -1.591077e+00
      23.435564   -1.591078e+00
      23.485564   -1.591079e+00
      23.535564   -1.591080e+00
      23.585564   -1.591081e+00
      23.635564   -1.591082e+00
      23.685564   -1.591083e+00
      23.735564   -1.591085e+00
      23.785564   -1.591086e+00
      23.835564   -1.591088e+00
      23.885564   -1.591089e+00
      23.935564   -1.591091e+00
      23.985564   -1.591093e+00
      24.035564   -1.591095e+00
      24.085564   -1.591097e+00
      24.135564   -1.591099e+00
      24.185564   -1.591101e+00
      24.235564   -1.591103e+00
      24.285564   -1.591105e+00
      24.335564   -1.591107e+00
      24.385564   -1.591109e+00
      24.435564   -1.591112e+00
      24.485564   -1.591114e+00
      24.535564   -1.591117e+00
      24.585564   -1.591119e+00
      24.635564   -1.591122e+00
      24.685564   -1.591124e+00
      24.735564   -1.591127e+00
      24.785564   -1.591129e+00
      24.835564   -1.591132e+00
      24.885564   -1.591135e+00
      24.935564   -1.591137e+00
      24.985564   -1.591140e+00
      25.035564   -1.591143e+00
      25.085564   -1.591145e+00
      25.135564   -1.591148e+00
      25.185564   -1.591151e+00
      25.235564   -1.591154e+00
      25.285564   -1.591157e+00
      25.335564   -1.591159e+00
      25.385564   -1.591162e+00
      25.435564   -1.591165e+00
      25.485564   -1.591168e+00
      25.535564   -1.591171e+00
      25.585564   -1.591173e+00
      25.635564   -1.591176e+00
      25.685564   -1.591179e+00
      25.735564   -1.591182e+00
      25.785564   -1.591184e+00
      25.835564   -1.591187e+00
      25.885564   -1.591190e+00
      25.935564   -1.591192e+00
      25.985564   -1.591195e+00
      26.035564   -1.591198e+00
      26.085564   -1.591200e+00
      26.135564   -1.591203e+00
      26.185564   -1.591205e+00
      26.235564   -1.591207e+00
      26.285564   -1.591209e+00
      26.335564   -1.591212e+00
      26.385564   -1.591214e+00
      26.435564   -1.591216e+00
      26.485564   -1.591218e+00
      26.535564   -1.591219e+00
      26.585564   -1.591221e+00
      26.635564   -1.591223e+00
      26.685564   -1.591225e+00
      26.735564   -1.591226e+00
      26.785564   -1.591228e+00
      26.835564   -1.591229e+00
      26.885564   -1.591230e+00
      26.935564   -1.591232e+00
      26.985564   -1.591233e+00
      27.035564   -1.591234e+00
      27.085564   -1.591234e+00
      27.135564   -1.591235e+00
      27.185564   -1.591236e+00
      27.235564   -1.591236e+00
      27.285564   -1.591237e+00
      27.335564   -1.591237e+00
      27.385564   -1.591237e+00
      27.435564   -1.591237e+00
      27.485564   -1.591237e+00
      27.535564   -1.591237e+00
      27.585564   -1.591237e+00
      27.635564   -1.591236e+00
      27.685564   -1.591236e+00
      27.735564   -1.591235e+00
      27.785564   -1.591235e+00
      27.835564   -1.591233e+00
      27.885564   -1.591232e+00
      27.935564   -1.591231e+00
      27.985564   -1.591230e+00
      28.035564   -1.591229e+00
      28.085564   -1.591227e+00
      28.135564   -1.591226e+00
      28.185564   -1.591224e+00
      28.235564   -1.591222e+00
      28.285564   -1.591220e+00
      28.335564   -1.591218e+00
      28.385564   -1.591216e+00
      28.435564   -1.591213e+00
      28.485564   -1.591211e+00
      28.535564   -1.591208e+00
      28.585564   -1.591206e+00
      28.635564   -1.591203e+00
      28.685564   -1.591200e+00
      28.735564   -1.591197e+00
      28.785564   -1.591194e+00
      28.835564   -1.591191e+00
      28.885564   -1.591187e+00
      28.935564   -1.591184e+00
      28.985564   -1.591180e+00
      29.035564   -1.591177e+00
      29.085564   -1.591173e+00
      29.135564   -1.591169e+00
      29.185564   -1.591165e+00
      29.235564   -1.591161e+00
      29.285564   -1.591157e+00
      29.335564   -1.591153e+00
      29.385564   -1.591149e+00
      29.435564   -1.591145e+00
      29.485564   -1.591140e+00
      29.535564   -1.591135e+00
      29.585564   -1.591131e+00
      29.635564   -1.591126e+00
      29.685564   -1.591122e+00
      29.735564   -1.591117e+00
      29.785564   -1.591113e+00
      29.835564   -1.591108e+00
      29.885564   -1.591103e+00
      29.935564   -1.591099e+00
      29.985564   -1.591094e+00
      30.000000   -1.591093e+00
