      0.000253   -1.321068e+00
      0.000507   -1.321067e+00
      0.000747   -1.321065e+00
      0.000979   -1.321063e+00
      0.001216   -1.321060e+00
      0.001426   -1.321059e+00
      0.001596   -1.321058e+00
      0.001767   -1.321058e+00
      0.001979   -1.321058e+00
      0.002173   -1.321057e+00
      0.002418   -1.321057e+00
      0.002754   -1.321057e+00
      0.003184   -1.321057e+00
      0.003683   -1.321058e+00
      0.004332   -1.321058e+00
      0.004898   -1.321058e+00
      0.005463   -1.321059e+00
      0.006135   -1.321060e+00
      0.006877   -1.321061e+00
      0.007580   -1.321062e+00
      0.008395   -1.321063e+00
      0.009251   -1.321065e+00
      0.010888   -1.321069e+00
      0.012393   -1.321072e+00
      0.013898   -1.321077e+00
      0.015363   -1.321082e+00
      0.016656   -1.321087e+00
      0.017655   -1.321091e+00
      0.018653   -1.321096e+00
      0.019557   -1.321100e+00
      0.020474   -1.321104e+00
      0.021373   -1.321109e+00
      0.022589   -1.321115e+00
      0.023781   -1.321122e+00
      0.025037   -1.321129e+00
      0.026292   -1.321137e+00
      0.027484   -1.321145e+00
      0.028662   -1.321153e+00
      0.030021   -1.321163e+00
      0.031611   -1.321174e+00
      0.033394   -1.321188e+00
      0.035142   -1.321203e+00
      0.036512   -1.321214e+00
      0.037872   -1.321227e+00
      0.039199   -1.321239e+00
      0.040666   -1.321253e+00
      0.042191   -1.321268e+00
      0.043753   -1.321285e+00
      0.045314   -1.321302e+00
      0.046927   -1.321320e+00
      0.048598   -1.321339e+00
      0.050324   -1.321360e+00
      0.051981   -1.321381e+00
      0.053518   -1.321400e+00
      0.055024   -1.321420e+00
      0.056773   -1.321444e+00
      0.058937   -1.321475e+00
      0.061659   -1.321515e+00
      0.064381   -1.321556e+00
      0.067211   -1.321602e+00
      0.071630   -1.321676e+00
      0.075681   -1.321748e+00
      0.078780   -1.321806e+00
      0.081879   -1.321866e+00
      0.084112   -1.321911e+00
      0.086345   -1.321957e+00
      0.088805   -1.322008e+00
      0.091345   -1.322063e+00
      0.093733   -1.322116e+00
      0.095882   -1.322164e+00
      0.098032   -1.322214e+00
      0.100397   -1.322270e+00
      0.102505   -1.322320e+00
      0.104520   -1.322370e+00
      0.106464   -1.322419e+00
      0.109589   -1.322498e+00
      0.111543   -1.322549e+00
      0.113497   -1.322601e+00
      0.115466   -1.322654e+00
      0.118363   -1.322734e+00
      0.121260   -1.322815e+00
      0.125631   -1.322941e+00
      0.130002   -1.323070e+00
      0.134582   -1.323211e+00
      0.138895   -1.323347e+00
      0.145817   -1.323573e+00
      0.150546   -1.323732e+00
      0.155276   -1.323896e+00
      0.160632   -1.324087e+00
      0.165020   -1.324248e+00
      0.169161   -1.324402e+00
      0.174234   -1.324596e+00
      0.178835   -1.324776e+00
      0.182857   -1.324936e+00
      0.186821   -1.325097e+00
      0.191045   -1.325271e+00
      0.196894   -1.325517e+00
      0.201640   -1.325721e+00
      0.206217   -1.325922e+00
      0.210615   -1.326117e+00
      0.214102   -1.326274e+00
      0.217346   -1.326422e+00
      0.221740   -1.326626e+00
      0.225643   -1.326808e+00
      0.229315   -1.326983e+00
      0.233373   -1.327177e+00
      0.236994   -1.327353e+00
      0.240614   -1.327531e+00
      0.244008   -1.327699e+00
      0.247287   -1.327864e+00
      0.250775   -1.328040e+00
      0.255507   -1.328282e+00
      0.261482   -1.328592e+00
      0.268834   -1.328979e+00
      0.276794   -1.329407e+00
      0.283400   -1.329768e+00
      0.289877   -1.330127e+00
      0.297613   -1.330563e+00
      0.303268   -1.330885e+00
      0.308546   -1.331190e+00
      0.313468   -1.331477e+00
      0.318965   -1.331800e+00
      0.323529   -1.332071e+00
      0.328045   -1.332341e+00
      0.332434   -1.332606e+00
      0.337393   -1.332907e+00
      0.343739   -1.333297e+00
      0.353739   -1.333918e+00
      0.363182   -1.334513e+00
      0.369738   -1.334931e+00
      0.375922   -1.335329e+00
      0.381524   -1.335692e+00
      0.390108   -1.336253e+00
      0.400108   -1.336914e+00
      0.407001   -1.337375e+00
      0.413893   -1.337838e+00
      0.421141   -1.338330e+00
      0.429316   -1.338889e+00
      0.437427   -1.339447e+00
      0.444047   -1.339907e+00
      0.450234   -1.340339e+00
      0.457796   -1.340870e+00
      0.465897   -1.341443e+00
      0.473923   -1.342014e+00
      0.481966   -1.342590e+00
      0.487867   -1.343016e+00
      0.493744   -1.343441e+00
      0.500571   -1.343937e+00
      0.508170   -1.344493e+00
      0.514931   -1.344989e+00
      0.520408   -1.345393e+00
      0.525289   -1.345755e+00
      0.530169   -1.346117e+00
      0.535388   -1.346506e+00
      0.539757   -1.346832e+00
      0.544127   -1.347159e+00
      0.549046   -1.347528e+00
      0.554083   -1.347908e+00
      0.561280   -1.348451e+00
      0.568478   -1.348997e+00
      0.577171   -1.349659e+00
      0.587171   -1.350424e+00
      0.595258   -1.351046e+00
      0.603344   -1.351669e+00
      0.610891   -1.352253e+00
      0.618057   -1.352809e+00
      0.628057   -1.353588e+00
      0.637379   -1.354317e+00
      0.645596   -1.354962e+00
      0.653813   -1.355609e+00
      0.662673   -1.356308e+00
      0.671533   -1.357009e+00
      0.681533   -1.357803e+00
      0.691533   -1.358599e+00
      0.701474   -1.359393e+00
      0.711474   -1.360194e+00
      0.719835   -1.360866e+00
      0.728197   -1.361538e+00
      0.738197   -1.362345e+00
      0.746702   -1.363032e+00
      0.755208   -1.363722e+00
      0.763006   -1.364354e+00
      0.772316   -1.365111e+00
      0.780940   -1.365814e+00
      0.789295   -1.366495e+00
      0.799295   -1.367313e+00
      0.808887   -1.368098e+00
      0.818561   -1.368892e+00
      0.827776   -1.369649e+00
      0.837776   -1.370472e+00
      0.847776   -1.371297e+00
      0.857776   -1.372123e+00
      0.867776   -1.372950e+00
      0.877776   -1.373778e+00
      0.887718   -1.374603e+00
      0.897718   -1.375433e+00
      0.907718   -1.376265e+00
      0.916174   -1.376969e+00
      0.924629   -1.377673e+00
      0.933535   -1.378416e+00
      0.943535   -1.379250e+00
      0.951571   -1.379922e+00
      0.959606   -1.380594e+00
      0.969606   -1.381431e+00
      0.978606   -1.382185e+00
      0.987605   -1.382939e+00
      0.997605   -1.383778e+00
      1.007605   -1.384617e+00
      1.017605   -1.385457e+00
      1.027605   -1.386297e+00
      1.037605   -1.387138e+00
      1.047605   -1.387979e+00
      1.057605   -1.388821e+00
      1.067605   -1.389662e+00
      1.077387   -1.390486e+00
      1.087387   -1.391328e+00
      1.097387   -1.392171e+00
      1.106344   -1.392925e+00
      1.115301   -1.393680e+00
      1.124749   -1.394477e+00
      1.134749   -1.395319e+00
      1.144749   -1.396162e+00
      1.154510   -1.396984e+00
      1.164510   -1.397826e+00
      1.174510   -1.398669e+00
      1.184510   -1.399511e+00
      1.194510   -1.400353e+00
      1.204510   -1.401194e+00
      1.214510   -1.402036e+00
      1.224510   -1.402876e+00
      1.234510   -1.403717e+00
      1.243881   -1.404504e+00
      1.253881   -1.405344e+00
      1.263881   -1.406183e+00
      1.273881   -1.407021e+00
      1.282970   -1.407783e+00
      1.292970   -1.408620e+00
      1.302970   -1.409457e+00
      1.312373   -1.410243e+00
      1.322373   -1.411078e+00
      1.332373   -1.411912e+00
      1.342373   -1.412746e+00
      1.352373   -1.413579e+00
      1.362302   -1.414404e+00
      1.372302   -1.415235e+00
      1.382302   -1.416065e+00
      1.392302   -1.416894e+00
      1.402153   -1.417709e+00
      1.412153   -1.418535e+00
      1.421564   -1.419312e+00
      1.431564   -1.420136e+00
      1.441564   -1.420958e+00
      1.451564   -1.421780e+00
      1.461564   -1.422599e+00
      1.470512   -1.423332e+00
      1.479460   -1.424063e+00
      1.489460   -1.424879e+00
      1.499460   -1.425693e+00
      1.509207   -1.426485e+00
      1.519207   -1.427296e+00
      1.528504   -1.428048e+00
      1.538504   -1.428855e+00
      1.548504   -1.429661e+00
      1.558504   -1.430465e+00
      1.568504   -1.431267e+00
      1.578504   -1.432067e+00
      1.588504   -1.432865e+00
      1.598504   -1.433661e+00
      1.608504   -1.434455e+00
      1.618504   -1.435247e+00
      1.628504   -1.436037e+00
      1.638504   -1.436825e+00
      1.648504   -1.437611e+00
      1.658504   -1.438394e+00
      1.668504   -1.439175e+00
      1.678504   -1.439954e+00
      1.688504   -1.440731e+00
      1.698504   -1.441505e+00
      1.708504   -1.442276e+00
      1.718504   -1.443046e+00
      1.728504   -1.443812e+00
      1.738504   -1.444577e+00
      1.748504   -1.445339e+00
      1.758504   -1.446098e+00
      1.768504   -1.446855e+00
      1.778504   -1.447608e+00
      1.788504   -1.448360e+00
      1.798504   -1.449108e+00
      1.808504   -1.449854e+00
      1.818504   -1.450598e+00
      1.828504   -1.451338e+00
      1.838504   -1.452076e+00
      1.848504   -1.452810e+00
      1.858504   -1.453542e+00
      1.868504   -1.454271e+00
      1.878504   -1.454998e+00
      1.888504   -1.455721e+00
      1.898504   -1.456441e+00
      1.908504   -1.457158e+00
      1.918504   -1.457872e+00
      1.928504   -1.458583e+00
      1.938504   -1.459291e+00
      1.948504   -1.459996e+00
      1.958324   -1.460685e+00
      1.968324   -1.461384e+00
      1.978324   -1.462080e+00
      1.988324   -1.462772e+00
      1.997466   -1.463402e+00
      2.007466   -1.464088e+00
      2.017466   -1.464771e+00
      2.027466   -1.465451e+00
      2.037466   -1.466127e+00
      2.047466   -1.466800e+00
      2.057466   -1.467470e+00
      2.067466   -1.468136e+00
      2.077466   -1.468799e+00
      2.087466   -1.469458e+00
      2.097466   -1.470114e+00
      2.107466   -1.470766e+00
      2.117466   -1.471415e+00
      2.127466   -1.472061e+00
      2.137466   -1.472703e+00
      2.147412   -1.473338e+00
      2.157412   -1.473973e+00
      2.167412   -1.474604e+00
      2.177412   -1.475232e+00
      2.187412   -1.475856e+00
      2.197412   -1.476477e+00
      2.207412   -1.477094e+00
      2.217412   -1.477707e+00
      2.227412   -1.478317e+00
      2.237412   -1.478922e+00
      2.247412   -1.479525e+00
      2.257412   -1.480123e+00
      2.267412   -1.480718e+00
      2.277412   -1.481309e+00
      2.287412   -1.481896e+00
      2.297412   -1.482480e+00
      2.307412   -1.483059e+00
      2.317412   -1.483635e+00
      2.327412   -1.484208e+00
      2.337412   -1.484776e+00
      2.347412   -1.485340e+00
      2.357412   -1.485901e+00
      2.367412   -1.486458e+00
      2.377412   -1.487011e+00
      2.387412   -1.487560e+00
      2.397412   -1.488105e+00
      2.407412   -1.488647e+00
      2.417412   -1.489184e+00
      2.427412   -1.489718e+00
      2.437412   -1.490247e+00
      2.447412   -1.490773e+00
      2.457412   -1.491295e+00
      2.467412   -1.491813e+00
      2.477412   -1.492327e+00
      2.487412   -1.492837e+00
      2.497412   -1.493343e+00
      2.507412   -1.493846e+00
      2.517412   -1.494344e+00
      2.527412   -1.494839e+00
      2.537412   -1.495329e+00
      2.547412   -1.495816e+00
      2.557412   -1.496299e+00
      2.567412   -1.496777e+00
      2.577412   -1.497252e+00
      2.587412   -1.497723e+00
      2.597412   -1.498190e+00
      2.607412   -1.498653e+00
      2.617412   -1.499112e+00
      2.627412   -1.499567e+00
      2.637412   -1.500019e+00
      2.647412   -1.500466e+00
      2.657266   -1.500903e+00
      2.667266   -1.501343e+00
      2.677266   -1.501778e+00
      2.687266   -1.502210e+00
      2.697266   -1.502638e+00
      2.707266   -1.503062e+00
      2.717266   -1.503483e+00
      2.727266   -1.503899e+00
      2.737266   -1.504312e+00
      2.747266   -1.504721e+00
      2.757266   -1.505125e+00
      2.767266   -1.505527e+00
      2.777266   -1.505924e+00
      2.787266   -1.506318e+00
      2.797266   -1.506707e+00
      2.807266   -1.507093e+00
      2.817266   -1.507476e+00
      2.827266   -1.507854e+00
      2.837266   -1.508229e+00
      2.847266   -1.508600e+00
      2.857266   -1.508967e+00
      2.867266   -1.509331e+00
      2.877266   -1.509691e+00
      2.887266   -1.510048e+00
      2.897266   -1.510400e+00
      2.907266   -1.510749e+00
      2.917266   -1.511095e+00
      2.927266   -1.511437e+00
      2.937266   -1.511775e+00
      2.947266   -1.512110e+00
      2.957266   -1.512441e+00
      2.967266   -1.512769e+00
      2.977266   -1.513094e+00
      2.987266   -1.513414e+00
      2.997266   -1.513732e+00
      3.007266   -1.514046e+00
      3.017266   -1.514356e+00
      3.027266   -1.514663e+00
      3.037266   -1.514967e+00
      3.047266   -1.515268e+00
      3.057266   -1.515565e+00
      3.067266   -1.515859e+00
      3.077266   -1.516149e+00
      3.087266   -1.516437e+00
      3.097266   -1.516721e+00
      3.107266   -1.517001e+00
      3.117266   -1.517279e+00
      3.127266   -1.517554e+00
      3.137266   -1.517825e+00
      3.147266   -1.518093e+00
      3.157266   -1.518359e+00
      3.167266   -1.518621e+00
      3.177266   -1.518880e+00
      3.187266   -1.519136e+00
      3.197266   -1.519389e+00
      3.207266   -1.519639e+00
      3.217177   -1.519884e+00
      3.227177   -1.520129e+00
      3.237177   -1.520370e+00
      3.247177   -1.520609e+00
      3.257177   -1.520845e+00
      3.267177   -1.521078e+00
      3.277177   -1.521308e+00
      3.287177   -1.521536e+00
      3.297177   -1.521760e+00
      3.307177   -1.521983e+00
      3.316439   -1.522186e+00
      3.326240   -1.522399e+00
      3.336240   -1.522614e+00
      3.346240   -1.522826e+00
      3.356240   -1.523035e+00
      3.366240   -1.523242e+00
      3.376240   -1.523447e+00
      3.385524   -1.523635e+00
      3.395118   -1.523826e+00
      3.405118   -1.524024e+00
      3.415118   -1.524219e+00
      3.425118   -1.524412e+00
      3.435118   -1.524603e+00
      3.444678   -1.524783e+00
      3.454678   -1.524969e+00
      3.464678   -1.525154e+00
      3.474678   -1.525335e+00
      3.484678   -1.525515e+00
      3.494678   -1.525693e+00
      3.504678   -1.525869e+00
      3.514678   -1.526042e+00
      3.524678   -1.526214e+00
      3.534678   -1.526383e+00
      3.544678   -1.526551e+00
      3.554678   -1.526717e+00
      3.564678   -1.526881e+00
      3.574678   -1.527043e+00
      3.584678   -1.527203e+00
      3.594678   -1.527362e+00
      3.604678   -1.527518e+00
      3.614678   -1.527673e+00
      3.624678   -1.527827e+00
      3.634678   -1.527978e+00
      3.644678   -1.528129e+00
      3.654678   -1.528277e+00
      3.664678   -1.528424e+00
      3.674678   -1.528569e+00
      3.684678   -1.528713e+00
      3.694678   -1.528855e+00
      3.704678   -1.528996e+00
      3.714678   -1.529136e+00
      3.724678   -1.529274e+00
      3.734469   -1.529408e+00
      3.744366   -1.529542e+00
      3.754366   -1.529677e+00
      3.764366   -1.529810e+00
      3.774366   -1.529941e+00
      3.784366   -1.530072e+00
      3.794366   -1.530201e+00
      3.804198   -1.530328e+00
      3.814198   -1.530455e+00
      3.824198   -1.530581e+00
      3.834198   -1.530706e+00
      3.844198   -1.530830e+00
      3.854198   -1.530953e+00
      3.864058   -1.531074e+00
      3.874058   -1.531195e+00
      3.884058   -1.531315e+00
      3.894058   -1.531435e+00
      3.904058   -1.531554e+00
      3.914058   -1.531671e+00
      3.924058   -1.531788e+00
      3.934058   -1.531905e+00
      3.944058   -1.532020e+00
      3.954058   -1.532135e+00
      3.964058   -1.532249e+00
      3.974058   -1.532362e+00
      3.984058   -1.532475e+00
      3.994058   -1.532588e+00
      4.004058   -1.532699e+00
      4.014058   -1.532810e+00
      4.023794   -1.532918e+00
      4.033794   -1.533028e+00
      4.043794   -1.533138e+00
      4.053794   -1.533247e+00
      4.063794   -1.533356e+00
      4.073794   -1.533464e+00
      4.083794   -1.533572e+00
      4.093794   -1.533680e+00
      4.103794   -1.533787e+00
      4.113794   -1.533894e+00
      4.123794   -1.534001e+00
      4.133794   -1.534107e+00
      4.143794   -1.534213e+00
      4.153794   -1.534319e+00
      4.163794   -1.534425e+00
      4.173794   -1.534531e+00
      4.183794   -1.534636e+00
      4.193794   -1.534742e+00
      4.203794   -1.534847e+00
      4.213794   -1.534952e+00
      4.223794   -1.535057e+00
      4.233794   -1.535162e+00
      4.243794   -1.535267e+00
      4.253794   -1.535372e+00
      4.263794   -1.535477e+00
      4.273794   -1.535583e+00
      4.283794   -1.535688e+00
      4.293794   -1.535793e+00
      4.303794   -1.535898e+00
      4.313794   -1.536003e+00
      4.331492   -1.536190e+00
      4.349190   -1.536377e+00
      4.368473   -1.536582e+00
      4.388473   -1.536795e+00
      4.408473   -1.537009e+00
      4.428473   -1.537224e+00
      4.447069   -1.537425e+00
      4.467043   -1.537642e+00
      4.487043   -1.537860e+00
      4.505381   -1.538062e+00
      4.523491   -1.538263e+00
      4.543491   -1.538485e+00
      4.561744   -1.538690e+00
      4.581744   -1.538916e+00
      4.600900   -1.539135e+00
      4.620900   -1.539364e+00
      4.640258   -1.539588e+00
      4.660009   -1.539819e+00
      4.680009   -1.540054e+00
      4.700009   -1.540292e+00
      4.719269   -1.540522e+00
      4.739269   -1.540764e+00
      4.759269   -1.541007e+00
      4.778895   -1.541248e+00
      4.795403   -1.541453e+00
      4.811911   -1.541658e+00
      4.831911   -1.541910e+00
      4.851911   -1.542163e+00
      4.871911   -1.542419e+00
      4.891911   -1.542677e+00
      4.911911   -1.542937e+00
      4.931911   -1.543199e+00
      4.951911   -1.543463e+00
      4.971911   -1.543730e+00
      4.989735   -1.543969e+00
      5.007558   -1.544210e+00
      5.027558   -1.544482e+00
      5.047558   -1.544756e+00
      5.067558   -1.545033e+00
      5.087558   -1.545311e+00
      5.107166   -1.545585e+00
      5.126147   -1.545853e+00
      5.144790   -1.546117e+00
      5.164790   -1.546402e+00
      5.184790   -1.546689e+00
      5.204790   -1.546977e+00
      5.224790   -1.547267e+00
      5.244790   -1.547559e+00
      5.264790   -1.547853e+00
      5.284790   -1.548147e+00
      5.304790   -1.548443e+00
      5.324790   -1.548741e+00
      5.344317   -1.549032e+00
      5.364317   -1.549332e+00
      5.384317   -1.549633e+00
      5.404317   -1.549935e+00
      5.424317   -1.550239e+00
      5.444317   -1.550542e+00
      5.462305   -1.550816e+00
      5.479967   -1.551086e+00
      5.498328   -1.551367e+00
      5.515812   -1.551636e+00
      5.535692   -1.551941e+00
      5.552272   -1.552196e+00
      5.568853   -1.552452e+00
      5.588853   -1.552760e+00
      5.608853   -1.553069e+00
      5.628853   -1.553378e+00
      5.648853   -1.553687e+00
      5.668853   -1.553996e+00
      5.688853   -1.554305e+00
      5.708853   -1.554615e+00
      5.728494   -1.554918e+00
      5.748494   -1.555227e+00
      5.768494   -1.555536e+00
      5.788494   -1.555844e+00
      5.808368   -1.556150e+00
      5.828368   -1.556457e+00
      5.848368   -1.556764e+00
      5.868368   -1.557070e+00
      5.888368   -1.557376e+00
      5.908368   -1.557680e+00
      5.928368   -1.557984e+00
      5.948368   -1.558287e+00
      5.964180   -1.558525e+00
      5.979993   -1.558763e+00
      5.999993   -1.559063e+00
      6.018182   -1.559335e+00
      6.037969   -1.559629e+00
      6.057636   -1.559921e+00
      6.077636   -1.560216e+00
      6.097347   -1.560505e+00
      6.117347   -1.560797e+00
      6.137347   -1.561087e+00
      6.157347   -1.561376e+00
      6.177347   -1.561663e+00
      6.197347   -1.561948e+00
      6.217347   -1.562231e+00
      6.236114   -1.562496e+00
      6.255047   -1.562760e+00
      6.274114   -1.563025e+00
      6.294114   -1.563301e+00
      6.314114   -1.563575e+00
      6.333411   -1.563837e+00
      6.352716   -1.564097e+00
      6.372716   -1.564365e+00
      6.392716   -1.564630e+00
      6.412716   -1.564893e+00
      6.432716   -1.565153e+00
      6.452716   -1.565411e+00
      6.469211   -1.565622e+00
      6.485706   -1.565831e+00
      6.505706   -1.566083e+00
      6.525706   -1.566331e+00
      6.545706   -1.566578e+00
      6.565706   -1.566821e+00
      6.585706   -1.567062e+00
      6.604070   -1.567281e+00
      6.621862   -1.567491e+00
      6.641862   -1.567724e+00
      6.661862   -1.567955e+00
      6.681653   -1.568180e+00
      6.701653   -1.568405e+00
      6.721653   -1.568627e+00
      6.741566   -1.568845e+00
      6.761566   -1.569062e+00
      6.780036   -1.569259e+00
      6.800036   -1.569469e+00
      6.820036   -1.569677e+00
      6.840036   -1.569882e+00
      6.859433   -1.570078e+00
      6.879433   -1.570277e+00
      6.899433   -1.570473e+00
      6.919433   -1.570666e+00
      6.939433   -1.570856e+00
      6.959433   -1.571043e+00
      6.979433   -1.571227e+00
      6.999433   -1.571409e+00
      7.019433   -1.571587e+00
      7.039433   -1.571762e+00
      7.059433   -1.571934e+00
      7.079433   -1.572103e+00
      7.099433   -1.572269e+00
      7.118665   -1.572426e+00
      7.137198   -1.572575e+00
      7.157198   -1.572732e+00
      7.176326   -1.572880e+00
      7.196326   -1.573032e+00
      7.216326   -1.573181e+00
      7.236326   -1.573327e+00
      7.256326   -1.573470e+00
      7.276326   -1.573610e+00
      7.296326   -1.573748e+00
      7.316326   -1.573882e+00
      7.336326   -1.574014e+00
      7.356326   -1.574143e+00
      7.376326   -1.574269e+00
      7.394000   -1.574378e+00
      7.411675   -1.574485e+00
      7.428697   -1.574587e+00
      7.445719   -1.574686e+00
      7.465719   -1.574800e+00
      7.485719   -1.574911e+00
      7.505719   -1.575020e+00
      7.525719   -1.575127e+00
      7.545517   -1.575229e+00
      7.565517   -1.575331e+00
      7.585517   -1.575429e+00
      7.605517   -1.575526e+00
      7.625517   -1.575620e+00
      7.645517   -1.575712e+00
      7.664828   -1.575798e+00
      7.684828   -1.575885e+00
      7.704828   -1.575970e+00
      7.724828   -1.576053e+00
      7.744493   -1.576132e+00
      7.764493   -1.576210e+00
      7.784493   -1.576286e+00
      7.804493   -1.576361e+00
      7.824493   -1.576433e+00
      7.844493   -1.576503e+00
      7.864493   -1.576571e+00
      7.884024   -1.576636e+00
      7.904024   -1.576701e+00
      7.924024   -1.576763e+00
      7.944024   -1.576824e+00
      7.964024   -1.576883e+00
      7.984024   -1.576941e+00
      8.004024   -1.576997e+00
      8.024024   -1.577051e+00
      8.044024   -1.577104e+00
      8.064024   -1.577155e+00
      8.084024   -1.577205e+00
      8.104024   -1.577253e+00
      8.123388   -1.577298e+00
      8.143388   -1.577344e+00
      8.161782   -1.577385e+00
      8.181782   -1.577428e+00
      8.201782   -1.577470e+00
      8.221782   -1.577511e+00
      8.241782   -1.577550e+00
      8.261782   -1.577589e+00
      8.281782   -1.577627e+00
      8.301782   -1.577663e+00
      8.341782   -1.577733e+00
      8.381782   -1.577800e+00
      8.421782   -1.577863e+00
      8.461782   -1.577924e+00
      8.501782   -1.577982e+00
      8.541782   -1.578038e+00
      8.581782   -1.578092e+00
      8.621782   -1.578145e+00
      8.661782   -1.578196e+00
      8.701782   -1.578246e+00
      8.741782   -1.578295e+00
      8.781782   -1.578344e+00
      8.821782   -1.578392e+00
      8.861782   -1.578441e+00
      8.901782   -1.578490e+00
      8.941782   -1.578539e+00
      8.981782   -1.578588e+00
      9.021782   -1.578639e+00
      9.061782   -1.578690e+00
      9.101782   -1.578743e+00
      9.141782   -1.578796e+00
      9.181782   -1.578851e+00
      9.221782   -1.578907e+00
      9.261782   -1.578965e+00
      9.301782   -1.579025e+00
      9.341782   -1.579087e+00
      9.381782   -1.579149e+00
      9.421782   -1.579214e+00
      9.461782   -1.579281e+00
      9.501782   -1.579350e+00
      9.541782   -1.579420e+00
      9.581782   -1.579493e+00
      9.621782   -1.579567e+00
      9.661782   -1.579644e+00
      9.701782   -1.579722e+00
      9.741782   -1.579802e+00
      9.781782   -1.579884e+00
      9.821782   -1.579967e+00
      9.861782   -1.580052e+00
      9.901782   -1.580139e+00
      9.941782   -1.580228e+00
      9.981782   -1.580318e+00
      10.021782   -1.580410e+00
      10.061782   -1.580502e+00
      10.101782   -1.580596e+00
      10.141782   -1.580691e+00
      10.181782   -1.580787e+00
      10.221782   -1.580884e+00
      10.261782   -1.580982e+00
      10.301782   -1.581081e+00
      10.341782   -1.581180e+00
      10.381782   -1.581280e+00
      10.421782   -1.581380e+00
      10.461782   -1.581481e+00
      10.501782   -1.581581e+00
      10.541782   -1.581682e+00
      10.581782   -1.581783e+00
      10.621782   -1.581883e+00
      10.661782   -1.581984e+00
      10.701782   -1.582084e+00
      10.741782   -1.582183e+00
      10.781782   -1.582282e+00
      10.821782   -1.582380e+00
      10.860710   -1.582475e+00
      10.900710   -1.582572e+00
      10.940710   -1.582668e+00
      10.980710   -1.582762e+00
      11.020710   -1.582856e+00
      11.060710   -1.582949e+00
      11.100710   -1.583040e+00
      11.140710   -1.583130e+00
      11.180710   -1.583218e+00
      11.219163   -1.583302e+00
      11.259163   -1.583388e+00
      11.299163   -1.583472e+00
      11.339163   -1.583555e+00
      11.379163   -1.583636e+00
      11.419163   -1.583716e+00
      11.459163   -1.583793e+00
      11.499163   -1.583869e+00
      11.539163   -1.583943e+00
      11.579163   -1.584016e+00
      11.619163   -1.584086e+00
      11.659163   -1.584155e+00
      11.699163   -1.584222e+00
      11.739163   -1.584287e+00
      11.779163   -1.584351e+00
      11.819163   -1.584412e+00
      11.859163   -1.584472e+00
      11.899163   -1.584530e+00
      11.939163   -1.584586e+00
      11.979163   -1.584641e+00
      12.019163   -1.584694e+00
      12.059163   -1.584745e+00
      12.099163   -1.584795e+00
      12.139163   -1.584843e+00
      12.179163   -1.584889e+00
      12.219163   -1.584934e+00
      12.259163   -1.584977e+00
      12.299163   -1.585019e+00
      12.339163   -1.585060e+00
      12.379163   -1.585099e+00
      12.419163   -1.585136e+00
      12.459163   -1.585173e+00
      12.499163   -1.585208e+00
      12.539163   -1.585242e+00
      12.579163   -1.585275e+00
      12.619163   -1.585307e+00
      12.659163   -1.585338e+00
      12.699163   -1.585368e+00
      12.739163   -1.585397e+00
      12.779163   -1.585426e+00
      12.819163   -1.585453e+00
      12.859163   -1.585480e+00
      12.899163   -1.585506e+00
      12.939163   -1.585531e+00
      12.979163   -1.585556e+00
      13.019163   -1.585580e+00
      13.059163   -1.585604e+00
      13.099163   -1.585628e+00
      13.139163   -1.585651e+00
      13.179163   -1.585674e+00
      13.219163   -1.585696e+00
      13.259163   -1.585718e+00
      13.299163   -1.585740e+00
      13.339163   -1.585762e+00
      13.379163   -1.585783e+00
      13.419163   -1.585805e+00
      13.459163   -1.585826e+00
      13.499163   -1.585848e+00
      13.539163   -1.585870e+00
      13.579163   -1.585891e+00
      13.619163   -1.585913e+00
      13.659163   -1.585935e+00
      13.699163   -1.585957e+00
      13.739163   -1.585979e+00
      13.779163   -1.586001e+00
      13.819163   -1.586024e+00
      13.859163   -1.586046e+00
      13.899163   -1.586069e+00
      13.939163   -1.586092e+00
      13.979163   -1.586116e+00
      14.019163   -1.586139e+00
      14.059163   -1.586163e+00
      14.099163   -1.586187e+00
      14.139163   -1.586212e+00
      14.179163   -1.586236e+00
      14.219163   -1.586261e+00
      14.259163   -1.586287e+00
      14.299163   -1.586312e+00
      14.339163   -1.586338e+00
      14.379163   -1.586364e+00
      14.419163   -1.586390e+00
      14.459163   -1.586417e+00
      14.499163   -1.586444e+00
      14.539163   -1.586471e+00
      14.579163   -1.586498e+00
      14.619163   -1.586526e+00
      14.659163   -1.586553e+00
      14.699163   -1.586581e+00
      14.739163   -1.586609e+00
      14.779163   -1.586638e+00
      14.819163   -1.586666e+00
      14.859163   -1.586694e+00
      14.899163   -1.586723e+00
      14.939163   -1.586752e+00
      14.979163   -1.586780e+00
      15.019163   -1.586809e+00
      15.059163   -1.586838e+00
      15.099163   -1.586867e+00
      15.139163   -1.586896e+00
      15.179163   -1.586925e+00
      15.219163   -1.586953e+00
      15.259163   -1.586982e+00
      15.299163   -1.587011e+00
      15.339163   -1.587039e+00
      15.379163   -1.587068e+00
      15.419163   -1.587096e+00
      15.459163   -1.587124e+00
      15.499163   -1.587152e+00
      15.539163   -1.587180e+00
      15.579163   -1.587207e+00
      15.619163   -1.587235e+00
      15.659163   -1.587262e+00
      15.699163   -1.587289e+00
      15.739163   -1.587316e+00
      15.779163   -1.587342e+00
      15.819163   -1.587368e+00
      15.859163   -1.587394e+00
      15.899163   -1.587419e+00
      15.939163   -1.587444e+00
      15.979163   -1.587469e+00
      16.019163   -1.587494e+00
      16.059163   -1.587517e+00
      16.099163   -1.587541e+00
      16.139163   -1.587564e+00
      16.179163   -1.587588e+00
      16.219163   -1.587610e+00
      16.259163   -1.587632e+00
      16.299163   -1.587654e+00
      16.339163   -1.587675e+00
      16.379163   -1.587696e+00
      16.419163   -1.587716e+00
      16.459163   -1.587737e+00
      16.499163   -1.587756e+00
      16.539163   -1.587775e+00
      16.579163   -1.587794e+00
      16.619163   -1.587813e+00
      16.659163   -1.587831e+00
      16.699163   -1.587848e+00
      16.739163   -1.587865e+00
      16.779163   -1.587882e+00
      16.819163   -1.587898e+00
      16.859163   -1.587914e+00
      16.899163   -1.587930e+00
      16.939163   -1.587944e+00
      16.979163   -1.587959e+00
      17.019163   -1.587974e+00
      17.059163   -1.587987e+00
      17.099163   -1.588001e+00
      17.139163   -1.588014e+00
      17.179163   -1.588027e+00
      17.219163   -1.588039e+00
      17.259163   -1.588051e+00
      17.299163   -1.588063e+00
      17.339163   -1.588074e+00
      17.379163   -1.588085e+00
      17.419163   -1.588096e+00
      17.459163   -1.588107e+00
      17.499163   -1.588117e+00
      17.539163   -1.588127e+00
      17.579163   -1.588136e+00
      17.619163   -1.588146e+00
      17.659163   -1.588155e+00
      17.699163   -1.588163e+00
      17.739163   -1.588172e+00
      17.779163   -1.588181e+00
      17.819163   -1.588189e+00
      17.859163   -1.588197e+00
      17.899163   -1.588205e+00
      17.939163   -1.588212e+00
      17.979163   -1.588220e+00
      18.019163   -1.588227e+00
      18.059163   -1.588234e+00
      18.099163   -1.588241e+00
      18.139163   -1.588248e+00
      18.179163   -1.588255e+00
      18.219163   -1.588262e+00
      18.259163   -1.588268e+00
      18.299163   -1.588275e+00
      18.339163   -1.588281e+00
      18.379163   -1.588287e+00
      18.419163   -1.588294e+00
      18.459163   -1.588300e+00
      18.499163   -1.588306e+00
      18.539163   -1.588312e+00
      18.579163   -1.588318e+00
      18.619163   -1.588324e+00
      18.659163   -1.588330e+00
      18.699163   -1.588336e+00
      18.739163   -1.588342e+00
      18.779163   -1.588348e+00
      18.819163   -1.588354e+00
      18.859163   -1.588360e+00
      18.899163   -1.588365e+00
      18.939163   -1.588371e+00
      18.979163   -1.588377e+00
      19.019163   -1.588383e+00
      19.059163   -1.588389e+00
      19.099163   -1.588395e+00
      19.139163   -1.588401e+00
      19.179163   -1.588406e+00
      19.219163   -1.588412e+00
      19.259163   -1.588418e+00
      19.299163   -1.588424e+00
      19.339163   -1.588430e+00
      19.379163   -1.588436e+00
      19.419163   -1.588442e+00
      19.459163   -1.588448e+00
      19.499163   -1.588453e+00
      19.539163   -1.588459e+00
      19.579163   -1.588465e+00
      19.619163   -1.588471e+00
      19.659163   -1.588477e+00
      19.699163   -1.588483e+00
      19.739163   -1.588488e+00
      19.779163   -1.588494e+00
      19.819163   -1.588500e+00
      19.859163   -1.588506e+00
      19.899163   -1.588511e+00
      19.939163   -1.588517e+00
      19.979163   -1.588523e+00
      20.019163   -1.588528e+00
      20.059163   -1.588534e+00
      20.099163   -1.588539e+00
      20.139163   -1.588545e+00
      20.179163   -1.588550e+00
      20.219163   -1.588556e+00
      20.259163   -1.588561e+00
      20.299163   -1.588566e+00
      20.339163   -1.588571e+00
      20.379163   -1.588576e+00
      20.419163   -1.588581e+00
      20.459163   -1.588586e+00
      20.499163   -1.588591e+00
      20.539163   -1.588596e+00
      20.579163   -1.588600e+00
      20.619163   -1.588605e+00
      20.659163   -1.588610e+00
      20.699163   -1.588614e+00
      20.739163   -1.588618e+00
      20.779163   -1.588623e+00
      20.819163   -1.588627e+00
      20.859163   -1.588631e+00
      20.899163   -1.588635e+00
      20.939163   -1.588638e+00
      20.979163   -1.588642e+00
      21.019163   -1.588646e+00
      21.059163   -1.588649e+00
      21.099163   -1.588653e+00
      21.139163   -1.588656e+00
      21.179163   -1.588659e+00
      21.219163   -1.588662e+00
      21.259163   -1.588665e+00
      21.299163   -1.588668e+00
      21.339163   -1.588670e+00
      21.379163   -1.588673e+00
      21.419163   -1.588676e+00
      21.459163   -1.588678e+00
      21.499163   -1.588680e+00
      21.539163   -1.588683e+00
      21.579163   -1.588684e+00
      21.619163   -1.588687e+00
      21.659163   -1.588688e+00
      21.699163   -1.588690e+00
      21.739163   -1.588692e+00
      21.779163   -1.588694e+00
      21.819163   -1.588695e+00
      21.859163   -1.588697e+00
      21.899163   -1.588698e+00
      21.939163   -1.588699e+00
      21.979163   -1.588700e+00
      22.019163   -1.588701e+00
      22.059163   -1.588702e+00
      22.099163   -1.588703e+00
      22.139163   -1.588704e+00
      22.179163   -1.588705e+00
      22.219163   -1.588706e+00
      22.259163   -1.588707e+00
      22.299163   -1.588707e+00
      22.339163   -1.588708e+00
      22.379163   -1.588709e+00
      22.419163   -1.588709e+00
      22.459163   -1.588710e+00
      22.499163   -1.588710e+00
      22.539163   -1.588711e+00
      22.579163   -1.588711e+00
      22.619163   -1.588711e+00
      22.659163   -1.588712e+00
      22.699163   -1.588712e+00
      22.739163   -1.588712e+00
      22.779163   -1.588712e+00
      22.819163   -1.588713e+00
      22.859163   -1.588713e+00
      22.899163   -1.588713e+00
      22.939163   -1.588713e+00
      22.979163   -1.588713e+00
      23.019163   -1.588713e+00
      23.059163   -1.588713e+00
      23.099163   -1.588713e+00
      23.139163   -1.588713e+00
      23.179163   -1.588713e+00
      23.219163   -1.588713e+00
      23.259163   -1.588713e+00
      23.299163   -1.588713e+00
      23.339163   -1.588713e+00
      23.379163   -1.588712e+00
      23.419163   -1.588712e+00
      23.459163   -1.588712e+00
      23.499163   -1.588711e+00
      23.539163   -1.588711e+00
      23.579163   -1.588711e+00
      23.619163   -1.588711e+00
      23.659163   -1.588710e+00
      23.699163   -1.588710e+00
      23.739163   -1.588710e+00
      23.779163   -1.588709e+00
      23.819163   -1.588709e+00
      23.859163   -1.588708e+00
      23.899163   -1.588708e+00
      23.939163   -1.588707e+00
      23.979163   -1.588707e+00
      24.019163   -1.588706e+00
      24.059163   -1.588706e+00
      24.099163   -1.588705e+00
      24.139163   -1.588705e+00
      24.179163   -1.588704e+00
      24.219163   -1.588704e+00
      24.259163   -1.588704e+00
      24.299163   -1.588703e+00
      24.339163   -1.588703e+00
      24.379163   -1.588702e+00
      24.419163   -1.588702e+00
      24.459163   -1.588701e+00
      24.499163   -1.588701e+00
      24.539163   -1.588701e+00
      24.579163   -1.588701e+00
      24.619163   -1.588701e+00
      24.659163   -1.588700e+00
      24.699163   -1.588700e+00
      24.739163   -1.588700e+00
      24.779163   -1.588700e+00
      24.819163   -1.588700e+00
      24.859163   -1.588700e+00
      24.899163   -1.588700e+00
      24.939163   -1.588700e+00
      24.979163   -1.588700e+00
      25.019163   -1.588700e+00
      25.059163   -1.588700e+00
      25.099163   -1.588700e+00
      25.139163   -1.588701e+00
      25.179163   -1.588701e+00
      25.219163   -1.588702e+00
      25.259163   -1.588702e+00
      25.299163   -1.588703e+00
      25.339163   -1.588703e+00
      25.379163   -1.588704e+00
      25.419163   -1.588704e+00
      25.459163   -1.588705e+00
      25.499163   -1.588706e+00
      25.539163   -1.588707e+00
      25.579163   -1.588708e+00
      25.619163   -1.588709e+00
      25.659163   -1.588710e+00
      25.699163   -1.588711e+00
      25.739163   -1.588712e+00
      25.779163   -1.588713e+00
      25.819163   -1.588715e+00
      25.859163   -1.588716e+00
      25.899163   -1.588718e+00
