0.000000  6.393312e-03  3.340544e-02  3.340543e-02  6.393415e-03  3.340545e-02  1.767957e-01  1.767959e-01  3.340542e-02  3.340546e-02  1.767959e-01  1.767957e-01  3.340541e-02  6.393318e-03  3.340544e-02  3.340543e-02  6.393510e-03    -3.030632e-07  -3.030632e-07    -5.015890e-09  5.015890e-09  1.000e+00
0.026199  6.392879e-03  3.340545e-02  3.340567e-02  6.392950e-03  3.340530e-02  1.768250e-01  1.767665e-01  3.340537e-02  3.340583e-02  1.767662e-01  1.768249e-01  3.340550e-02  6.392718e-03  3.340547e-02  3.340557e-02  6.392578e-03    3.946397e-05  3.946397e-05    4.144646e-08  -4.144646e-08  1.000e+00
0.149411  6.390394e-03  3.340883e-02  3.341041e-02  6.388641e-03  3.340587e-02  1.776850e-01  1.758983e-01  3.340840e-02  3.341067e-02  1.758946e-01  1.776842e-01  3.340930e-02  6.391681e-03  3.340873e-02  3.340738e-02  6.391834e-03    1.674394e-03  1.674394e-03    1.035434e-05  -1.035434e-05  1.000e+00
0.301125  6.390105e-03  3.343090e-02  3.343359e-02  6.383508e-03  3.341611e-02  1.799230e-01  1.735931e-01  3.342612e-02  3.343346e-02  1.735733e-01  1.799207e-01  3.342705e-02  6.396217e-03  3.342849e-02  3.342294e-02  6.391156e-03    6.163145e-03  6.163145e-03    3.094899e-05  -3.094899e-05  1.000e+00
0.490513  6.402958e-03  3.347396e-02  3.348056e-02  6.394334e-03  3.344428e-02  1.836221e-01  1.697177e-01  3.347001e-02  3.347960e-02  1.696631e-01  1.836163e-01  3.346754e-02  6.416843e-03  3.347200e-02  3.346289e-02  6.391715e-03    1.370441e-02  1.370441e-02    4.639767e-05  -4.639767e-05  1.000e+00
0.780202  6.458422e-03  3.351384e-02  3.353092e-02  6.452409e-03  3.346866e-02  1.898595e-01  1.632427e-01  3.351036e-02  3.351829e-02  1.631440e-01  1.898412e-01  3.350345e-02  6.489825e-03  3.350234e-02  3.349399e-02  6.440589e-03    2.638799e-02  2.638799e-02    2.312128e-05  -2.312128e-05  1.000e+00
1.077525  6.525266e-03  3.345751e-02  3.348697e-02  6.530673e-03  3.340018e-02  1.961657e-01  1.570413e-01  3.344349e-02  3.345585e-02  1.569368e-01  1.961345e-01  3.343562e-02  6.578588e-03  3.341768e-02  3.342821e-02  6.523365e-03    3.887038e-02  3.887038e-02    -1.844760e-05  1.844760e-05  1.000e+00
1.424237  6.568999e-03  3.323922e-02  3.327154e-02  6.591029e-03  3.316751e-02  2.029937e-01  1.509986e-01  3.320953e-02  3.323210e-02  1.509135e-01  2.029526e-01  3.321699e-02  6.639848e-03  3.316560e-02  3.320331e-02  6.578065e-03    5.171255e-02  5.171255e-02    -6.827169e-05  6.827169e-05  9.999e-01
1.814949  6.565883e-03  3.280782e-02  3.284882e-02  6.592705e-03  3.272996e-02  2.099013e-01  1.457953e-01  3.276022e-02  3.279523e-02  1.457876e-01  2.098539e-01  3.279149e-02  6.632166e-03  3.270954e-02  3.277293e-02  6.567631e-03    6.377002e-02  6.377002e-02    -1.190387e-04  1.190387e-04  9.999e-01
2.106141  6.519970e-03  3.239674e-02  3.244500e-02  6.535821e-03  3.231568e-02  2.145158e-01  1.428881e-01  3.233501e-02  3.239137e-02  1.429500e-01  2.144647e-01  3.239090e-02  6.565204e-03  3.229802e-02  3.236609e-02  6.509490e-03    7.124809e-02  7.124809e-02    -1.379823e-04  1.379823e-04  9.999e-01
2.524059  6.412197e-03  3.173633e-02  3.177514e-02  6.384708e-03  3.163654e-02  2.204007e-01  1.398640e-01  3.165818e-02  3.174361e-02  1.400010e-01  2.203532e-01  3.176279e-02  6.412885e-03  3.165774e-02  3.170491e-02  6.355708e-03    8.009687e-02  8.009687e-02    -1.379874e-04  1.379874e-04  9.999e-01
3.038946  6.218071e-03  3.089676e-02  3.090397e-02  6.149644e-03  3.078144e-02  2.265576e-01  1.374804e-01  3.078534e-02  3.091725e-02  1.376700e-01  2.265337e-01  3.095702e-02  6.164098e-03  3.084069e-02  3.084996e-02  6.129754e-03    8.858150e-02  8.858150e-02    -1.148866e-04  1.148866e-04  9.998e-01
3.468241  6.021638e-03  3.022809e-02  3.021587e-02  5.941305e-03  3.011933e-02  2.308552e-01  1.362349e-01  3.010285e-02  3.025522e-02  1.364503e-01  2.308629e-01  3.030682e-02  5.938028e-03  3.018269e-02  3.017176e-02  5.931437e-03    9.409299e-02  9.409299e-02    -8.579013e-05  8.579013e-05  9.998e-01
3.970395  5.798573e-03  2.950636e-02  2.949032e-02  5.711304e-03  2.941788e-02  2.350396e-01  1.353289e-01  2.939993e-02  2.954803e-02  1.355426e-01  2.350849e-01  2.960930e-02  5.695660e-03  2.947297e-02  2.945685e-02  5.698995e-03    9.916461e-02  9.916461e-02    -4.001306e-05  4.001306e-05  9.998e-01
4.517744  5.570355e-03  2.883412e-02  2.881718e-02  5.487316e-03  2.874426e-02  2.387114e-01  1.347792e-01  2.875895e-02  2.889324e-02  1.349279e-01  2.387993e-01  2.894019e-02  5.472584e-03  2.880377e-02  2.878592e-02  5.466677e-03    1.034008e-01  1.034008e-01    3.417600e-06  -3.417600e-06  9.998e-01
5.135152  5.333456e-03  2.822877e-02  2.821188e-02  5.269750e-03  2.811886e-02  2.419317e-01  1.344670e-01  2.817860e-02  2.829696e-02  1.345098e-01  2.420600e-01  2.830549e-02  5.263152e-03  2.818927e-02  2.817872e-02  5.245600e-03    1.069712e-01  1.069712e-01    2.258751e-05  -2.258751e-05  9.998e-01
5.741643  5.142801e-03  2.775441e-02  2.775606e-02  5.090585e-03  2.763858e-02  2.443396e-01  1.343228e-01  2.771664e-02  2.783809e-02  1.342657e-01  2.444963e-01  2.781808e-02  5.101203e-03  2.772571e-02  2.770699e-02  5.070188e-03    1.095593e-01  1.095593e-01    5.587119e-06  -5.587119e-06  9.998e-01
6.386178  4.985169e-03  2.735104e-02  2.738516e-02  4.934844e-03  2.725261e-02  2.462750e-01  1.342382e-01  2.731601e-02  2.746154e-02  1.341361e-01  2.464578e-01  2.742270e-02  4.972777e-03  2.735284e-02  2.730177e-02  4.933124e-03    1.115908e-01  1.115908e-01    -3.893352e-05  3.893352e-05  9.998e-01
7.441238  4.800769e-03  2.687029e-02  2.693623e-02  4.758040e-03  2.681863e-02  2.484738e-01  1.341449e-01  2.683281e-02  2.701282e-02  1.341216e-01  2.486881e-01  2.696076e-02  4.818315e-03  2.692178e-02  2.680676e-02  4.799993e-03    1.138263e-01  1.138263e-01    -7.951446e-05  7.951446e-05  9.998e-01
8.466258  4.697188e-03  2.657189e-02  2.661967e-02  4.665175e-03  2.654589e-02  2.498191e-01  1.341176e-01  2.653367e-02  2.670574e-02  1.341672e-01  2.500431e-01  2.669180e-02  4.701429e-03  2.665785e-02  2.650785e-02  4.710283e-03    1.151383e-01  1.151383e-01    -5.021854e-05  5.021854e-05  9.998e-01
9.506743  4.635243e-03  2.638153e-02  2.641740e-02  4.617759e-03  2.636931e-02  2.506663e-01  1.341543e-01  2.634456e-02  2.650062e-02  1.341731e-01  2.508773e-01  2.653400e-02  4.612625e-03  2.648277e-02  2.635240e-02  4.629703e-03    1.159394e-01  1.159394e-01    -1.751472e-06  1.751472e-06  9.997e-01
10.534996  4.593790e-03  2.626023e-02  2.629590e-02  4.598698e-03  2.626225e-02  2.511834e-01  1.342187e-01  2.623173e-02  2.638329e-02  1.341520e-01  2.513775e-01  2.643302e-02  4.557282e-03  2.635773e-02  2.627315e-02  4.570742e-03    1.164172e-01  1.164172e-01    1.060726e-05  -1.060726e-05  9.997e-01
11.556951  4.566242e-03  2.618319e-02  2.621536e-02  4.578748e-03  2.619910e-02  2.515032e-01  1.342532e-01  2.617561e-02  2.631265e-02  1.341500e-01  2.516964e-01  2.635945e-02  4.532434e-03  2.626198e-02  2.622764e-02  4.534669e-03    1.166975e-01  1.166975e-01    -1.223922e-07  1.223922e-07  9.997e-01
12.626420  4.547957e-03  2.613575e-02  2.616037e-02  4.551170e-03  2.615919e-02  2.517122e-01  1.342644e-01  2.614702e-02  2.626782e-02  1.341589e-01  2.519183e-01  2.630303e-02  4.520284e-03  2.618698e-02  2.620096e-02  4.508229e-03    1.168643e-01  1.168643e-01    -4.434059e-06  4.434059e-06  9.997e-01
13.726689  4.541414e-03  2.610071e-02  2.612910e-02  4.528884e-03  2.612446e-02  2.518493e-01  1.342702e-01  2.612884e-02  2.624226e-02  1.341607e-01  2.520683e-01  2.626320e-02  4.509742e-03  2.612938e-02  2.619164e-02  4.490349e-03    1.169579e-01  1.169579e-01    -4.186902e-06  4.186902e-06  9.997e-01
14.878157  4.540218e-03  2.607224e-02  2.610895e-02  4.522090e-03  2.608981e-02  2.519312e-01  1.342726e-01  2.611823e-02  2.622444e-02  1.341526e-01  2.521796e-01  2.623329e-02  4.503284e-03  2.609532e-02  2.618525e-02  4.481516e-03    1.170053e-01  1.170053e-01    -1.268711e-05  1.268711e-05  9.997e-01
16.068188  4.537094e-03  2.605877e-02  2.609078e-02  4.526117e-03  2.606540e-02  2.519662e-01  1.342569e-01  2.611444e-02  2.620938e-02  1.341413e-01  2.522709e-01  2.621440e-02  4.501025e-03  2.609118e-02  2.616886e-02  4.478879e-03    1.170213e-01  1.170213e-01    -3.003444e-05  3.003444e-05  9.997e-01
17.266184  4.527441e-03  2.606336e-02  2.607493e-02  4.528961e-03  2.605926e-02  2.519724e-01  1.342250e-01  2.611442e-02  2.619597e-02  1.341308e-01  2.523456e-01  2.621013e-02  4.499419e-03  2.610567e-02  2.614385e-02  4.477304e-03    1.170169e-01  1.170169e-01    -4.007699e-05  4.007699e-05  9.997e-01
18.482254  4.515648e-03  2.607386e-02  2.606347e-02  4.528493e-03  2.606816e-02  2.519654e-01  1.341966e-01  2.611920e-02  2.617874e-02  1.341222e-01  2.524039e-01  2.621502e-02  4.497379e-03  2.612289e-02  2.611618e-02  4.473276e-03    1.170028e-01  1.170028e-01    -3.820867e-05  3.820867e-05  9.997e-01
19.751206  4.506212e-03  2.607839e-02  2.605679e-02  4.528186e-03  2.608335e-02  2.519574e-01  1.341843e-01  2.612622e-02  2.615635e-02  1.341167e-01  2.524448e-01  2.622158e-02  4.497061e-03  2.613086e-02  2.609041e-02  4.469214e-03    1.169850e-01  1.169850e-01    -3.262290e-05  3.262290e-05  9.996e-01
21.086150  4.503991e-03  2.607765e-02  2.605362e-02  4.527346e-03  2.609619e-02  2.519583e-01  1.341801e-01  2.613159e-02  2.613469e-02  1.341098e-01  2.524684e-01  2.622729e-02  4.500881e-03  2.612611e-02  2.607321e-02  4.467503e-03    1.169624e-01  1.169624e-01    -3.177238e-05  3.177238e-05  9.996e-01
22.462372  4.508753e-03  2.607487e-02  2.605397e-02  4.526040e-03  2.610287e-02  2.519663e-01  1.341707e-01  2.613568e-02  2.612032e-02  1.341002e-01  2.524788e-01  2.623039e-02  4.506968e-03  2.611923e-02  2.606518e-02  4.467593e-03    1.169351e-01  1.169351e-01    -3.428057e-05  3.428057e-05  9.996e-01
23.830405  4.516992e-03  2.606989e-02  2.605734e-02  4.526087e-03  2.610277e-02  2.519770e-01  1.341594e-01  2.613735e-02  2.611482e-02  1.340883e-01  2.524781e-01  2.623319e-02  4.512748e-03  2.611762e-02  2.606282e-02  4.466593e-03    1.169084e-01  1.169084e-01    -3.450343e-05  3.450343e-05  9.996e-01
25.195929  4.526323e-03  2.606285e-02  2.606223e-02  4.528208e-03  2.609992e-02  2.519879e-01  1.341522e-01  2.613381e-02  2.611317e-02  1.340773e-01  2.524689e-01  2.623597e-02  4.516791e-03  2.611996e-02  2.606404e-02  4.463809e-03    1.168858e-01  1.168858e-01    -3.328955e-05  3.328955e-05  9.996e-01
26.581620  4.534027e-03  2.605709e-02  2.606758e-02  4.531372e-03  2.610048e-02  2.519972e-01  1.341467e-01  2.612491e-02  2.610944e-02  1.340703e-01  2.524572e-01  2.623647e-02  4.518281e-03  2.612492e-02  2.606778e-02  4.461302e-03    1.168675e-01  1.168675e-01    -3.285820e-05  3.285820e-05  9.996e-01
27.993258  4.539250e-03  2.605612e-02  2.607110e-02  4.534117e-03  2.610566e-02  2.520026e-01  1.341420e-01  2.611382e-02  2.610276e-02  1.340667e-01  2.524449e-01  2.623403e-02  4.518531e-03  2.613146e-02  2.607204e-02  4.460292e-03    1.168523e-01  1.168523e-01    -3.376188e-05  3.376188e-05  9.996e-01
29.412147  4.544284e-03  2.606062e-02  2.607085e-02  4.534001e-03  2.611341e-02  2.520023e-01  1.341389e-01  2.610616e-02  2.609582e-02  1.340670e-01  2.524291e-01  2.623061e-02  4.518311e-03  2.613671e-02  2.607527e-02  4.460441e-03    1.168405e-01  1.168405e-01    -3.623382e-05  3.623382e-05  9.996e-01
30.823505  4.550698e-03  2.607053e-02  2.606775e-02  4.529280e-03  2.612235e-02  2.519954e-01  1.341359e-01  2.610609e-02  2.608950e-02  1.340718e-01  2.524086e-01  2.622919e-02  4.516217e-03  2.614050e-02  2.607816e-02  4.459029e-03    1.168345e-01  1.168345e-01    -3.855660e-05  3.855660e-05  9.996e-01
32.253031  4.554688e-03  2.608826e-02  2.606721e-02  4.519358e-03  2.613484e-02  2.519815e-01  1.341309e-01  2.611036e-02  2.608224e-02  1.340782e-01  2.523839e-01  2.622847e-02  4.512868e-03  2.614505e-02  2.608120e-02  4.458818e-03    1.168339e-01  1.168339e-01    -3.743301e-05  3.743301e-05  9.996e-01
33.681655  4.553974e-03  2.610819e-02  2.607129e-02  4.506835e-03  2.614999e-02  2.519661e-01  1.341291e-01  2.611630e-02  2.607564e-02  1.340796e-01  2.523559e-01  2.622343e-02  4.510018e-03  2.615337e-02  2.608385e-02  4.462519e-03    1.168364e-01  1.168364e-01    -3.394580e-05  3.394580e-05  9.995e-01
