      0.000000   -1.261207e+00
      0.026199   -1.261276e+00
      0.149411   -1.263764e+00
      0.301125   -1.270412e+00
      0.490513   -1.281411e+00
      0.780202   -1.299879e+00
      1.077525   -1.318512e+00
      1.424237   -1.338788e+00
      1.814949   -1.359482e+00
      2.106141   -1.373466e+00
      2.524059   -1.391504e+00
      3.038946   -1.410629e+00
      3.468241   -1.424143e+00
      3.970395   -1.437398e+00
      4.517744   -1.449112e+00
      5.135152   -1.459459e+00
      5.741643   -1.467224e+00
      6.386178   -1.473474e+00
      7.441238   -1.480563e+00
      8.466258   -1.484879e+00
      9.506743   -1.487587e+00
      10.534996   -1.489235e+00
      11.556951   -1.490252e+00
      12.626420   -1.490918e+00
      13.726689   -1.491335e+00
      14.878157   -1.491576e+00
      16.068188   -1.491694e+00
      17.266184   -1.491744e+00
      18.482254   -1.491766e+00
      19.751206   -1.491773e+00
      21.086150   -1.491762e+00
      22.462372   -1.491730e+00
      23.830405   -1.491686e+00
      25.195929   -1.491641e+00
      26.581620   -1.491600e+00
      27.993258   -1.491562e+00
      29.412147   -1.491520e+00
      30.823505   -1.491479e+00
      32.253031   -1.491438e+00
      33.681655   -1.491397e+00
