0.000000000000000000e+00 0.000000000000000000e+00 0.000000000000000000e+00 0.000000000000000000e+00 0.000000000000000000e+00
5.000000000000000278e-02 9.109879997002187646e-02 5.297964695663105461e-01 1.534195950868742164e+00 2.404927857618033293e+00
1.000000000000000056e-01 1.736025798131651532e-01 1.578867528726308977e+00 6.941710378986654995e+00 1.645231415068447234e+01
1.499999999999999944e-01 2.468778015723533392e-01 2.776021981561975771e+00 1.487346525319462920e+01 4.307734148594798995e+01
2.000000000000000111e-01 3.126154053362516505e-01 4.004292149903843523e+00 2.412251365911362200e+01 7.878720162188592724e+01
2.500000000000000000e-01 3.706257210694616222e-01 5.175370468121158751e+00 3.360385738006134204e+01 1.185549672998561874e+02
2.999999999999999889e-01 4.221250056388146099e-01 6.282367628102156765e+00 4.288962903958018558e+01 1.591307183416423925e+02
3.499999999999999778e-01 4.665456100728532229e-01 7.281042478825269448e+00 5.158141451539398759e+01 1.983201846442044314e+02
4.000000000000000222e-01 5.097638495698756378e-01 8.227378004948242562e+00 5.972617195817004898e+01 2.344267638813636552e+02
5.000000000000000000e-01 5.817849828294184844e-01 9.860456342380992112e+00 7.383751139086604098e+01 2.953132246925015920e+02
5.999999999999999778e-01 6.424074129403614108e-01 1.130418376042829109e+01 8.591058152851195473e+01 3.422037602894223483e+02
6.999999999999999556e-01 7.016964031748894604e-01 1.256693675482594230e+01 9.614480189966367618e+01 3.773555430090639788e+02
8.000000000000000444e-01 7.535506440378376691e-01 1.378653537400923668e+01 1.056828211765810579e+02 4.060917603832880900e+02
1.000000000000000000e+00 8.572374199512955428e-01 1.611467753961153093e+01 1.233410955942177907e+02 4.518761533390662635e+02
1.250000000000000000e+00 9.819699641394254996e-01 1.892964734967353024e+01 1.445089559554321283e+02 5.034400049548488596e+02
1.500000000000000000e+00 1.097264221540683815e+00 2.164221359831013558e+01 1.651314759286901221e+02 5.546757126114607672e+02
2.000000000000000000e+00 1.318070265067537550e+00 2.665535132896630088e+01 2.033405158190568613e+02 6.517955802774721406e+02
2.500000000000000000e+00 1.517392547866062369e+00 3.115384256250325379e+01 2.378802070792229415e+02 7.425285902358399426e+02
3.000000000000000000e+00 1.690734365312164700e+00 3.511766089290756554e+01 2.684739384122945580e+02 8.243347594622538281e+02
3.500000000000000000e+00 1.848607895571585225e+00 3.857387782342795646e+01 2.952510427123280579e+02 8.973294470694397660e+02
4.000000000000000000e+00 1.981268246022134027e+00 4.164737346971639198e+01 3.189114163773978703e+02 9.617655306268117101e+02
6.000000000000000000e+00 2.383058924915788523e+00 5.067104228688504719e+01 3.887235189521232428e+02 1.154383357306765447e+03
8.000000000000000000e+00 2.600825348398237757e+00 5.554829192287742501e+01 4.267758848725041503e+02 1.261076894585678474e+03
1.000000000000000000e+01 2.758026735931413675e+00 5.893411830222179759e+01 4.527360117379438975e+02 1.332825820835137392e+03
1.200000000000000000e+01 2.857502242058835407e+00 6.119866887454980287e+01 4.699353116597759481e+02 1.380104843479559577e+03
