0.000000000000000000e+00 0.000000000000000000e+00 0.000000000000000000e+00 0.000000000000000000e+00 0.000000000000000000e+00
5.000000000000000278e-02 9.159471400236744720e-02 6.640254991994742895e-01 2.426556162844463849e+00 4.798787123243863917e+00
1.000000000000000056e-01 1.744430481355824514e-01 2.050152202117254241e+00 1.188362030549611426e+01 3.743210013666998037e+01
1.499999999999999944e-01 2.468303026822756541e-01 3.695137983560627948e+00 2.694507128396331908e+01 1.074063234646793035e+02
2.000000000000000111e-01 3.131029748708769600e-01 5.431856536603342001e+00 4.529873803808857247e+01 2.076198185587891203e+02
2.500000000000000000e-01 3.717333743792163858e-01 7.094799711926331298e+00 6.483695619439008340e+01 3.269308078281614485e+02
2.999999999999999889e-01 4.238819498718953693e-01 8.696412247069746471e+00 8.458773385163311787e+01 4.547335603988335038e+02
3.499999999999999778e-01 4.683190157849976831e-01 1.016567713762213465e+01 1.035470856870820739e+02 5.826115332380878726e+02
4.000000000000000222e-01 5.100408189166336648e-01 1.152718776675613732e+01 1.214925857861954199e+02 7.049809622770648048e+02
5.000000000000000000e-01 5.819541834165279370e-01 1.395868023540013958e+01 1.539596045742024160e+02 9.230229356155605274e+02
5.999999999999999778e-01 6.474679819038418049e-01 1.612468091055572472e+01 1.823086970105962621e+02 1.095403571325342682e+03
6.999999999999999556e-01 7.036601674872018375e-01 1.804624519720256259e+01 2.072709608894844848e+02 1.232896497717634702e+03
8.000000000000000444e-01 7.586185466173550607e-01 1.981883349002435679e+01 2.300124771628878761e+02 1.344758853821231924e+03
1.000000000000000000e+00 8.658686963924123736e-01 2.343355140522452018e+01 2.750471855416709559e+02 1.538303352880541524e+03
1.250000000000000000e+00 9.933055677722020249e-01 2.785520551782747489e+01 3.298781734693764633e+02 1.762836122568637393e+03
1.500000000000000000e+00 1.129791677834761643e+00 3.231752926191175135e+01 3.861737307600758413e+02 2.003548192141352274e+03
2.000000000000000000e+00 1.369160087293372463e+00 4.054868573684564126e+01 4.910580554625248624e+02 2.465961689707460664e+03
2.500000000000000000e+00 1.602080057482133224e+00 4.836980045732254041e+01 5.911788709744827202e+02 2.917506114789790900e+03
3.000000000000000000e+00 1.828764560768569636e+00 5.577799393498401770e+01 6.858209042067852579e+02 3.348848883619325079e+03
3.500000000000000000e+00 2.025532748978883024e+00 6.234949928314066625e+01 7.700876111940709734e+02 3.741174594592829180e+03
4.000000000000000000e+00 2.202690417594893368e+00 6.833180020290549805e+01 8.472029702949671446e+02 4.101423583540862637e+03
6.000000000000000000e+00 2.795190133862616833e+00 8.795218336670461667e+01 1.099643595224264573e+03 5.294750756062255277e+03
8.000000000000000000e+00 3.218981682994609184e+00 1.018546845623254171e+02 1.278242105425411410e+03 6.141817388728451988e+03
1.000000000000000000e+01 3.514261171922334892e+00 1.114950802074396989e+02 1.402410738927358807e+03 6.735447327556814344e+03
1.200000000000000000e+01 3.735686998934192982e+00 1.189762453576272492e+02 1.498346581783648844e+03 7.189701407065328567e+03
