0.000000000000000000e+00 0.000000000000000000e+00 0.000000000000000000e+00 0.000000000000000000e+00 0.000000000000000000e+00
5.000000000000000278e-02 8.917948846464800183e-02 3.918206765659813517e-01 8.245653936846246701e-01 9.227284025565629655e-01
1.000000000000000056e-01 1.703638626001946488e-01 1.102257064417509591e+00 3.304778536678169232e+00 5.253862820965268909e+00
1.499999999999999944e-01 2.440991676417282874e-01 1.883203090934728374e+00 6.597758976000752895e+00 1.226494155891098536e+01
2.000000000000000111e-01 3.076126355636716880e-01 2.639638434604227868e+00 1.004424052671755341e+01 2.029087916343558717e+01
2.500000000000000000e-01 3.630796053602559081e-01 3.331789556387195095e+00 1.338218397054001407e+01 2.853149124055492436e+01
2.999999999999999889e-01 4.115775400358487324e-01 3.981365676768685358e+00 1.655373049073870106e+01 3.647231947079225733e+01
3.499999999999999778e-01 4.635714142619921652e-01 4.598780325581346418e+00 1.942999655158367389e+01 4.338607109945719742e+01
4.000000000000000222e-01 4.983762818126223904e-01 5.098163517505544640e+00 2.185110188275984200e+01 4.926990797136343758e+01
5.000000000000000000e-01 5.727117525785546670e-01 6.048569891949076016e+00 2.614262141671117945e+01 5.881575291061282229e+01
5.999999999999999778e-01 6.343171607889650510e-01 6.840052282764571778e+00 2.953313902465502139e+01 6.548337842680493281e+01
6.999999999999999556e-01 6.815392514802630641e-01 7.497886226955146505e+00 3.228258717016631607e+01 7.033641983946827736e+01
8.000000000000000444e-01 7.298944443310989572e-01 8.107334548691429887e+00 3.471973493735027461e+01 7.416912145294992342e+01
1.000000000000000000e+00 8.189135658850921207e-01 9.294067152862334424e+00 3.914968329923001988e+01 7.976276684760335911e+01
1.250000000000000000e+00 9.178099163854454012e-01 1.060261567032835295e+01 4.392998827963717190e+01 8.515586302698203269e+01
1.500000000000000000e+00 9.980600544214220937e-01 1.164723741781888933e+01 4.770292561243897467e+01 8.906156404292111972e+01
2.000000000000000000e+00 1.140862285496275552e+00 1.352356104667569703e+01 5.448672198393320798e+01 9.605139658908375111e+01
2.500000000000000000e+00 1.244278098371912389e+00 1.486537556174667607e+01 5.944806400369523658e+01 1.014108818574286630e+02
3.000000000000000000e+00 1.309567303195371846e+00 1.576057490073376322e+01 6.277122229610018422e+01 1.051850483567621382e+02
3.500000000000000000e+00 1.367828670939224223e+00 1.644261579110838056e+01 6.520623671014269007e+01 1.077866508963456909e+02
4.000000000000000000e+00 1.438364593750751652e+00 1.737474018583550261e+01 6.847872022481767829e+01 1.111884488251378968e+02
6.000000000000000000e+00 1.623941530409023004e+00 1.976945904750890648e+01 7.729728351624873994e+01 1.211335912084495305e+02
8.000000000000000000e+00 1.656486759998630598e+00 2.025094533879843794e+01 7.914874002416365784e+01 1.233428348950299238e+02
1.000000000000000000e+01 1.661842881160663588e+00 2.020044383748321692e+01 7.900092775915706511e+01 1.232936520577938069e+02
1.200000000000000000e+01 1.658354703986744338e+00 2.024062669256083780e+01 7.914136044394221869e+01 1.234336682396197347e+02
