0.000000000000000000e+00 0.000000000000000000e+00 0.000000000000000000e+00 0.000000000000000000e+00 0.000000000000000000e+00
5.000000000000000278e-02 8.968192180846308592e-02 3.057771555111815087e-01 4.880356124414427788e-01 4.129952738485611063e-01
1.000000000000000056e-01 1.700112814035022180e-01 8.336122284692045747e-01 1.836209439168316360e+00 2.133748628210629938e+00
1.499999999999999944e-01 2.392027275267401276e-01 1.378521008105878742e+00 3.500485920514624816e+00 4.676535180850399875e+00
2.000000000000000111e-01 3.027442593246591485e-01 1.912634543900995077e+00 5.180821796312108596e+00 7.377693897626537378e+00
2.500000000000000000e-01 3.576512199637827960e-01 2.399081401719965534e+00 6.776649128654391063e+00 1.003951735515087940e+01
2.999999999999999889e-01 4.070021938284325569e-01 2.821870967714031675e+00 8.166378406695507408e+00 1.237469167268367620e+01
3.499999999999999778e-01 4.517178728222021045e-01 3.228687871573105994e+00 9.440090051152196793e+00 1.440610443784107808e+01
4.000000000000000222e-01 4.933504733034470013e-01 3.592611401549974826e+00 1.052282607151700411e+01 1.602607421557323164e+01
5.000000000000000000e-01 5.602404928141032636e-01 4.200551538275301588e+00 1.232140711131003563e+01 1.863117419898464888e+01
5.999999999999999778e-01 6.208953987056783363e-01 4.715357313186774313e+00 1.374901446786156534e+01 2.046497515296785252e+01
6.999999999999999556e-01 6.674175322946549471e-01 5.144091874699175726e+00 1.487338495100082980e+01 2.170420755251644351e+01
8.000000000000000444e-01 7.123064235412307488e-01 5.547905138475397457e+00 1.586541424002140666e+01 2.262826686318489067e+01
1.000000000000000000e+00 7.865953692911332729e-01 6.207246206333871363e+00 1.742312498517223673e+01 2.390435397771147308e+01
1.250000000000000000e+00 8.691432570563416560e-01 6.911735254330068301e+00 1.899155603022594008e+01 2.490677129525522560e+01
1.500000000000000000e+00 9.080638699770872124e-01 7.271241391583472158e+00 1.982727792486281615e+01 2.541888516956841926e+01
2.000000000000000000e+00 9.986091766510177825e-01 8.080635675550137620e+00 2.155538971930108971e+01 2.627436852759169028e+01
2.500000000000000000e+00 1.078751141955973658e+00 8.739172104760951854e+00 2.293369659522986836e+01 2.689712956405628219e+01
3.000000000000000000e+00 1.151552330792622314e+00 9.334964027737889580e+00 2.418928506186139415e+01 2.750372376521632489e+01
3.500000000000000000e+00 1.172580366679422115e+00 9.575915880396472346e+00 2.478610117873689944e+01 2.787558090700321500e+01
4.000000000000000000e+00 1.189281211092298784e+00 9.734589323536800620e+00 2.511414769832373040e+01 2.804936809497100114e+01
6.000000000000000000e+00 1.243326981674193865e+00 1.013046895057585672e+01 2.598129371266266574e+01 2.851985124894833135e+01
8.000000000000000000e+00 1.230172483708449782e+00 1.009500511314366733e+01 2.589661910075342632e+01 2.844465836312822660e+01
1.000000000000000000e+01 1.243025530938025147e+00 1.014114873406114192e+01 2.600326379470390847e+01 2.852962737850182862e+01
1.200000000000000000e+01 1.257775553332709517e+00 1.023252269854124563e+01 2.611987906207578547e+01 2.834274473014618678e+01
